0.929,0.287,0.114,0.443333333333333,0.184386333333333,0.4294022977737,0.958406,0.978982124453761,0.972321963137725,21.7205339752639,-6.99593781671397,0,-0.508,0.296,-0.0706666666666667,0.165349333333333,0.406631692485145,0.34568,0.587945575712582,0.508,1
0.929,0.287,0.114,0.443333333333333,0.184386333333333,0.4294022977737,0.958406,0.978982124453761,0.972321963137725,21.7205339752639,-6.99593781671397,1.941,-0.508,0.296,0.576333333333333,1.55834033333333,1.24833502447594,4.113161,2.028092946588,2.00637608638062,1
0.937,0.295,0.114,0.448666666666667,0.187042333333333,0.432483911068763,0.97799,0.988933769268701,0.982341081295087,20.4463011157792,-6.9367917319562,1.941,0.262,0.305,0.836,0.916231,0.957199561220125,3.92915,1.9822083644259,1.9586028183376,1
0.939,0.295,0.1,0.444666666666667,0.192780333333333,0.439067572627874,0.978746,0.989315925273621,0.984248952247347,20.1157080544961,-6.07887495170095,1.941,0.262,0.305,0.836,0.916231,0.957199561220125,3.92915,1.9822083644259,1.9586028183376,1
0.945,0.295,0.1,0.446666666666667,0.195758333333333,0.442445853561013,0.99005,0.995012562734763,0.989974747152674,19.0910525128604,-6.04056518289727,1.941,-0.196,0.305,0.683333333333333,1.24904433333333,1.11760651990463,3.898922,1.97456881369073,1.95087083119309,1
0.945,0.295,0.099,0.446333333333333,0.196105333333333,0.442837818318776,0.989851,0.994912558971893,0.989974747152674,19.0910525128604,-5.98059952476345,-0.775,-0.196,0.945,-0.00866666666666667,0.765920333333333,0.875168745633283,1.532066,1.23776653695275,0.799400400300125,1
0.945,0.289,0.093,0.442333333333333,0.199109333333333,0.446216688766045,0.985195,0.992569896783093,0.988203420354332,19.0910525128604,-5.62053382859198,-0.775,-0.104,0.955,0.0253333333333334,0.760770333333333,0.872221493276412,1.523466,1.23428764880801,0.78194692914545,1
0.945,0.289,0.093,0.442333333333333,0.199109333333333,0.446216688766045,0.985195,0.992569896783093,0.988203420354332,19.0910525128604,-5.62053382859198,-0.775,-0.104,1.046,0.0556666666666667,0.848130333333333,0.920939918416687,1.705557,1.30596975462681,0.78194692914545,1
0.948,0.288,0.093,0.443,0.200775,0.448079234064691,0.990297,0.995136674030256,0.990781509718465,18.5583536994437,-5.60286067998077,-6.116,-4.468,1.046,-3.17933333333333,14.0690573333333,3.75087420921221,58.462596,7.6460837034393,7.57419830741182,1
0.951,0.287,0.093,0.443666666666667,0.202449333333333,0.449943700181849,0.995419,0.997706870779188,0.993362974949238,18.010475910494,-5.58529797434288,-6.116,-4.468,0.284,-3.43333333333333,11.0429013333333,3.32308611584673,57.449136,7.57952082918175,7.57419830741182,1
0.951,0.287,0.093,0.443666666666667,0.202449333333333,0.449943700181849,0.995419,0.997706870779188,0.993362974949238,18.010475910494,-5.58529797434288,-4.59,1.269,0.275,-1.01533333333333,9.83069033333333,3.1353931704546,22.754086,4.77012431703829,4.76219077736287,1
0.951,0.287,0.093,0.443666666666667,0.202449333333333,0.449943700181849,0.995419,0.997706870779188,0.993362974949238,18.010475910494,-5.58529797434288,-2.973,3.009,0.161,0.0656666666666667,8.95289733333333,2.99213925700883,17.918731,4.23305220851338,4.22998936168875,1
0.962,0.287,0.093,0.447333333333333,0.208070333333333,0.456147271539942,1.016462,1.00819740130591,1.00389889929215,15.8458075497508,-5.52182979857919,7.006,3.009,-3.257,2.25266666666667,26.7613223333333,5.17313467187288,68.746166,8.29133077376606,7.62483553921001,1
0.968,0.285,0.091,0.448,0.212209,0.460661480916301,1.02653,1.01317816794481,1.00908324730916,14.533746901085,-5.37049323147213,7.006,3.009,-3.257,2.25266666666667,26.7613223333333,5.17313467187288,68.746166,8.29133077376606,7.62483553921001,1
0.968,0.226,0.082,0.425333333333333,0.226049333333333,0.475446456852224,0.994824,0.99740864243298,0.994032192637643,14.533746901085,-4.84200824061074,6.488,-2.881,-0.266,1.11366666666667,23.3721503333333,4.83447518696015,50.465061,7.10387647696664,7.09889463226494,1
0.964,0.226,0.082,0.424,0.223884,0.473163819411417,0.987096,0.99352705046214,0.990137364207613,15.4205707929902,-4.86200344733733,5.114,-3.492,-0.236,0.462,18.881212,4.3452516612965,38.402756,6.19699572373582,6.19250030278562,1
0.964,0.275,0.055,0.431333333333333,0.224900333333333,0.474236579497336,1.007946,1.003965138837,1.00245748039505,15.4205707929902,-3.26541001068462,-4.102,-8.878,0.23,-4.25,20.755344,4.55580333201511,95.698188,9.78254506761916,9.77984089850137,1
1.011,0.275,0.037,0.441,0.257836,0.507775540962737,1.099115,1.04838685607938,1.04773374480352,0,-2.09594276711635,-4.102,-21.064,0.23,-8.312,126.651684,11.2539630353045,460.5714,21.4609272865829,21.4596947788173,1
1.011,0.275,-0.098,0.396,0.318451,0.564314628553966,1.10735,1.05230698942847,1.04773374480352,0,5.53659590936693,-4.102,-21.064,-11.893,-12.353,72.086061,8.49035105281283,601.961949,24.534912859026,21.4596947788173,1
0.841,0.286,-0.098,0.343,0.222867,0.472087915541163,0.798681,0.893689543409791,0.888300061916017,32.7541317160678,6.64658336818062,-5.506,-17.103,-22.574,-15.061,75.956479,8.71530142909584,832.414121,28.8515878419196,17.9674328995547,1
0.841,0.297,-0.092,0.348666666666667,0.219624333333333,0.468640942869201,0.803954,0.896634819756628,0.891902461034838,32.7541317160678,6.24296626376055,-5.506,-12.891,-22.574,-13.657,73.269223,8.55974433029398,706.079393,26.5721544666593,14.0176287937725,1
0.779,0.555,-0.083,0.417,0.200044,0.447262786290118,0.921755,0.960080725772578,0.956486277998801,38.830892685599,6.08174058874788,0.018,36.975,12.185,16.3926666666667,354.733306333333,18.834365036638,1515.625174,38.9310309907149,36.9750043813385,1
0.655,0.555,0.025,0.411666666666667,0.114633333333333,0.338575447032612,0.737675,0.858880084761546,0.858516161758182,49.0803500451135,-2.1858008067756,1.056,52.844,25.704,26.5346666666667,671.016741333333,25.9039908379642,3454.299088,58.7732854960483,52.8545501541731,1
0.654,0.263,0.025,0.314,0.100861,0.31758620876858,0.49751,0.705343887759722,0.704900702226916,49.1561319161379,-2.1891397605774,1.056,52.844,25.704,26.5346666666667,671.016741333333,25.9039908379642,3454.299088,58.7732854960483,52.8545501541731,1
0.654,0.263,0.197,0.371333333333333,0.0610143333333333,0.247010795985385,0.535694,0.731911196799174,0.704900702226916,49.1561319161379,-16.7635221815197,-2.515,46.374,18.197,20.6853333333333,602.177432333333,24.5393038273977,2488.00391,49.8798948475235,46.4421478939121,1
0.738,0.239,0.197,0.391333333333333,0.0905743333333333,0.30095569995156,0.640574,0.800358669597575,0.775735135210466,42.4386762066361,-14.9459126524901,-2.515,30.322,18.197,15.3346666666667,275.711856333333,16.6045733559563,1256.879718,35.4524994605458,30.4261221485749,1
0.738,0.135,0.127,0.333333333333333,0.122832333333333,0.350474440342421,0.578998,0.760919180990991,0.750245959669227,42.4386762066361,-9.76420716598606,17.596,30.322,18.197,22.0383333333333,51.5546503333333,7.1801567067393,1560.173709,39.499034279334,35.0577081395804,1
0.738,0.135,0.127,0.333333333333333,0.122832333333333,0.350474440342421,0.578998,0.760919180990991,0.750245959669227,42.4386762066361,-9.76420716598606,17.596,28.46,33.242,26.4326666666667,64.2818893333333,8.01759872613573,2224.62138,47.1658921255604,33.4602871476023,1
1.303,0.53,0.322,0.718333333333333,0.267192333333333,0.516906503473629,2.082393,1.44304989518727,1.40666591627152,0,-13.8809426750148,17.596,12.866,35.5,21.9873333333333,142.537345333333,11.938900507724,1735.403172,41.6581705311215,21.7980084411398,1
1.303,0.53,0.322,0.718333333333333,0.267192333333333,0.516906503473629,2.082393,1.44304989518727,1.40666591627152,0,-13.8809426750148,14.666,-19.849,35.5,10.1056666666667,781.475430333333,27.9548820482815,1869.324357,43.2356838386997,24.6794318613699,1
1.303,0.059,0.236,0.532666666666667,0.452892333333333,0.672972758240134,1.756986,1.32551348540858,1.30433507964786,0,-10.2661461845379,10.852,-20.154,-48.179,-19.1603333333333,871.905270333333,29.5280421012524,2845.165661,53.3400943100029,22.8899458278083,1
1.147,0.059,0.106,0.437333333333333,0.378272333333333,0.61503848118092,1.330326,1.15339758973218,1.14851643436217,0,-5.27999198259914,7.159,-25.19,-48.179,-22.07,772.874361,27.8006179967281,3007.003422,54.8361506854739,26.1875424772925,1
1.147,0.272,0.081,0.5,0.323077,0.568398627725296,1.396154,1.18158960726641,1.17880999317108,0,-4.03946491352859,0.323,-30.073,3.976,-8.59133333333333,349.432604333333,18.6931164960082,920.298234,30.336417619752,30.0747345457944,1
0.744,0.343,-0.063,0.341333333333333,0.162814333333333,0.403502581569602,0.675154,0.821677552328162,0.819258811365493,41.9267217383469,4.84011248884704,0.323,-39.167,8.431,-10.1376666666667,648.461561333333,25.4649084297064,1605.239979,40.0654461974405,39.168331825596,1
0.485,0.343,-0.113,0.238333333333333,0.0976173333333333,0.312437727128677,0.365643,0.604684215107357,0.594031985670806,60.9875275911025,13.1153482377293,3.985,-39.167,8.431,-8.917,691.238604,26.291416926442,1621.015875,40.2618414258464,39.3692026081301,1
0.485,0.267,-0.116,0.212,0.092569,0.304251540669887,0.31997,0.565658907823434,0.553637065233172,60.9875275911025,13.4510442800202,3.985,-15.424,-1.884,-4.441,99.081007,9.95394429359538,257.329457,16.0414917323795,15.9304739728609,1
0.511,0.065,-0.127,0.149666666666667,0.107137333333333,0.32731839748681,0.281475,0.530542175514822,0.515117462332622,59.2695377787993,13.9570692490724,-7.276,-9.9,-1.884,-6.35333333333333,16.7025493333333,4.08687525296935,154.499632,12.4297880915163,12.2861782503755,1
0.685,0.065,-0.116,0.211333333333333,0.176460333333333,0.420071819256343,0.486906,0.697786500299339,0.688077030571432,46.7643928510178,9.61145901618251,-7.276,-9.9,-3.226,-6.80066666666667,11.3050253333333,3.36229465296148,161.357252,12.7026474405928,12.2861782503755,1
1.376,0.339,-0.116,0.533,0.584743,0.764684902427137,2.021753,1.42188360986404,1.41714395881294,0,4.8187735279452,-26.258,11.597,-3.226,-5.96233333333333,363.865896333333,19.075269233574,834.380049,28.8856374172356,28.7049294198749,1
1.376,0.435,0.028,0.613,0.478039,0.691403644769103,2.083385,1.44339357072144,1.44312196296779,0,-1.16574160630119,-43.744,47.961,-32.249,-9.344,2495.931025,49.9592936799551,5253.793058,72.4830535918569,64.9137509084169,1
1.014,0.435,0.092,0.513666666666667,0.217162333333333,0.466006795372485,1.225885,1.10719691112286,1.10336802563786,0,-5.18423936853704,-43.744,47.961,-32.249,-9.344,2495.931025,49.9592936799551,5253.793058,72.4830535918569,64.9137509084169,1
0.341,0.38,0.092,0.271,0.024411,0.156240199692653,0.269145,0.518791865780488,0.510569290106642,70.0621888201623,-15.0986121207087,-43.744,14.453,-0.693,-9.99466666666667,911.613454333333,30.1929371597619,2122.906994,46.0750148562103,46.0698029624612,1
0.341,0.38,0.142,0.287666666666667,0.0162943333333333,0.1276492590395,0.280845,0.52994811066745,0.510569290106642,70.0621888201623,-22.6079332990015,-53.571,14.453,0.501,-12.8723333333333,1290.95067733333,35.9298020775697,3078.992251,55.4886677709963,55.4864059928195,1
0.342,0.38,0.191,0.304333333333333,0.00999433333333333,0.0999716626516401,0.297845,0.545751775077278,0.511237713788801,70.0012281920901,-29.1824645403424,-53.571,18.634,18.99,-5.31566666666667,1746.46458033333,41.7907236158138,3577.698097,59.8138620806248,56.719291224415,1
0.722,0.163,0.191,0.358666666666667,0.0992043333333333,0.314967194058895,0.584334,0.764417425233099,0.740170926205562,43.7801480371937,-14.817754835537,33.526,18.634,28.237,26.799,56.993799,7.54942375284366,2268.546801,47.6292641240656,38.3564679291511,1
0.722,-0.125,0.191,0.262666666666667,0.183204333333333,0.42802375323495,0.57339,0.757225197679,0.732740745420916,43.7801480371937,-14.817754835537,33.526,18.634,28.237,26.799,56.993799,7.54942375284366,2268.546801,47.6292641240656,38.3564679291511,1
0.683,-0.125,0.072,0.21,0.177499,0.421306301875488,0.487298,0.69806733199599,0.694344295000686,46.9214792333023,-6.01773940449846,-0.562,35.235,0.649,11.774,413.180521,20.3268423765227,1242.24227,35.2454574378032,35.2394816789351,1
0.683,-0.08,0.072,0.225,0.163099,0.40385517206048,0.478073,0.691428231995194,0.68766925189367,46.9214792333023,-6.01773940449846,-0.562,47.78,0.649,15.9556666666667,759.957774333334,27.5673316505848,2283.665445,47.7877122804597,47.7833050761456,1
0.786,0.141,0.115,0.347333333333333,0.144490333333333,0.380118841065966,0.650902,0.806784977549781,0.798546805140438,38.1867391465475,-8.32390966389702,-24.762,47.78,0.115,7.711,1358.859853,36.8627162998062,2896.098269,53.8154092152053,53.8152863413361,1
0.786,0.141,0.138,0.355,0.139323,0.37325996302845,0.656721,0.810383242669788,0.798546805140438,38.1867391465475,-9.95807059846098,-65.992,-1.167,0.115,-22.348,1429.009933,37.8022477241764,4356.319178,66.0024179708592,66.0023177850596,1
0.786,0.141,0.138,0.355,0.139323,0.37325996302845,0.656721,0.810383242669788,0.798546805140438,38.1867391465475,-9.95807059846098,-65.992,-21.161,0.361,-28.9306666666667,1145.95594233333,33.8519710258256,4802.862306,69.3026861384175,69.3017459015283,1
0.738,0.141,-0.114,0.255,0.191223,0.437290521278475,0.577521,0.759948024538521,0.751348787182092,42.4386762066361,8.78116273438547,-55.616,-21.161,10.903,-21.958,1106.670747,33.2666611940543,3659.802786,60.496303903627,59.5056919714408,1
0.721,0.253,-0.114,0.286666666666667,0.175156333333333,0.418516825627517,0.596846,0.772558088430896,0.764100778693491,43.8628958798206,8.98486843071604,-55.616,-21.161,10.903,-21.958,1106.670747,33.2666611940543,3659.802786,60.496303903627,59.5056919714408,1
0.721,0.333,0.105,0.386333333333333,0.0969973333333333,0.311443948943198,0.641755,0.801096124070014,0.794185116959516,43.8628958798206,-8.28579702395375,-55.616,-21.161,8.92,-22.619,1042.818147,32.292694947929,3620.493777,60.1705391117613,59.5056919714408,1
0.836,0.333,0.124,0.431,0.133939,0.365976775219412,0.825161,0.90838372948881,0.899880547628406,33.2798909446823,-8.43690413140591,-48.291,-0.867,0.491,-16.2223333333333,771.760577333334,27.7805791396316,2333.013451,48.3012779437563,48.2987822827864,1
0.943,0.333,0.124,0.466666666666667,0.181090333333333,0.425547098842576,1.015514,1.00772714561036,1.00006899761966,19.4383706628683,-7.49114245516435,-39.441,-0.763,0.061,-13.381,509.512444,22.5723823288549,1556.178371,39.4484267240152,39.4483795611429,1
1.504,0.362,-0.133,0.577666666666667,0.704826333333333,0.839539357822689,2.410749,1.55265868754211,1.54695184152578,0,5.05356890729917,-15.821,0.624,-0.185,-5.12733333333333,85.9295003333333,9.26981662889473,250.727642,15.8343816424892,15.8333008876861,1
1.554,0.362,-0.133,0.594333333333333,0.751976333333333,0.867165689665668,2.563649,1.60113990644166,1.5956064677733,0,4.89177218047726,-15.821,0.624,-0.185,-5.12733333333333,85.9295003333333,9.26981662889473,250.727642,15.8343816424892,15.8333008876861,1
2.171,0.377,0.316,0.954666666666667,1.11053033333333,1.05381703029194,4.955226,2.22603369246739,2.2034904129585,0,-8.28153157418991,-7.764,0.624,-0.185,-2.44166666666667,21.4090443333333,4.62699085079421,60.703297,7.79123205918037,7.78903537031384,1
2.171,1.149,0.316,1.212,0.863233,0.929103331174741,6.133298,2.47654961589709,2.45630657695655,0,-8.28153157418991,-7.093,57.91,48.287,33.0346666666667,1230.82275633333,35.0830836206473,5735.513118,75.7331705265269,58.3427694663186,1
0.829,1.149,-0.228,0.583333333333333,0.519296333333333,0.720622184874524,2.059426,1.43507003313427,1.41684226362711,34.0038495510334,15.3778576124995,3.65,70.025,48.287,40.654,1145.107173,33.8394322204141,7248.457494,85.1378734406727,70.1200622147471,1
0.829,0.837,-0.228,0.479333333333333,0.375256333333333,0.612581695232018,1.439794,1.19991416359671,1.17805347926145,34.0038495510334,15.3778576124995,49.273,70.025,48.287,55.8616666666667,150.693057333333,12.2757100541408,9662.963523,98.3003739718217,85.6231811719233,1
0.985,0.716,-0.122,0.526333333333333,0.333342333333333,0.577358063365649,1.497765,1.22383209632694,1.21773601408515,9.93636707214072,7.06057473453267,49.273,1.59,1.489,17.4506666666667,759.498224333333,27.5589953433236,2432.57375,49.3211288394741,49.2986473343843,1
0.985,0.424,0.031,0.48,0.229881,0.479459070203078,1.150962,1.07282897052606,1.07238099572866,9.93636707214072,-1.80262242245199,39.508,1.59,0.425,13.841,494.435473,22.2359050411716,1563.590789,39.5422658556639,39.5399818411693,1
0.931,0.355,0.031,0.439,0.207792,0.455842077917342,0.993747,0.996868597158121,0.996386471204823,21.4087629292759,-1.90710330100937,33.709,1.59,0.425,11.908,356.802007,18.8892034506487,1139.005406,33.7491541523636,33.7464780532725,1
0.846,0.355,0.129,0.443333333333333,0.134374333333333,0.366571048138466,0.858382,0.926489071711048,0.917464440727814,32.2207635824143,-8.66980865701649,-10.175,2.581,11.239,1.215,116.039316,10.77215465912,236.507307,15.3787940684567,10.4972465913686,1
0.846,0.221,0.129,0.398666666666667,0.152196333333333,0.390123484724175,0.781198,0.883854060351594,0.874389501309342,32.2207635824143,-8.66980865701649,-70.234,2.581,11.239,-18.8046666666667,2002.47248633333,44.7489942494056,5065.791438,71.1743734640495,70.2814080465097,1
0.846,0.221,0.245,0.437333333333333,0.125400333333333,0.354119094844282,0.824582,0.908064975648769,0.874389501309342,32.2207635824143,-16.1509163745505,-82.41,2.581,0.361,-26.4893333333333,2346.57282033333,48.4414370176333,6798.199982,82.4511975777187,82.450407282196,1
0.938,0.238,0.245,0.473666666666667,0.161716333333333,0.402139693804694,0.996513,0.998254977448147,0.967723100891986,20.2816498129502,-14.6382785383737,-82.41,-0.907,0.361,-27.652,2249.230879,47.4260569623915,6792.36107,82.4157816804524,82.4149910453189,1
0.938,0.321,0.133,0.464,0.177343,0.421121122718868,1.000574,1.00028695882732,0.991405567868166,20.2816498129502,-8.07023217791808,-29.554,-0.907,0.361,-10.0333333333333,286.194276333333,16.9172774503858,874.391886,29.5701181262436,29.5679144513102,1
0.938,0.321,0.133,0.464,0.177343,0.421121122718868,1.000574,1.00028695882732,0.991405567868166,20.2816498129502,-8.07023217791808,-18.537,-0.821,0.361,-6.33233333333333,112.064697333333,10.5860614646493,344.424731,18.558683439296,18.5551720552519,1
0.938,0.321,0.104,0.454333333333333,0.187222333333333,0.432691961253423,0.993701,0.99684552464261,0.991405567868166,20.2816498129502,-6.32678295151088,-16.584,0.983,0.246,-5.11833333333333,98.7319263333333,9.93639403070014,276.055861,16.614928859312,16.6131076262089,1
0.943,0.294,0.103,0.446666666666667,0.193880333333333,0.440318445370318,0.986294,0.993123355882843,0.987767685237779,19.4383706628683,-6.23347097617268,-1.203,0.983,0.246,0.00866666666666664,1.23689433333333,1.11215751282511,2.474014,1.57289986966749,1.5535436910496,1
0.958,0.258,0.103,0.439666666666667,0.207508333333333,0.455530825887045,0.994937,0.997465287616567,0.992133055592847,16.6645713738191,-6.13662020540341,-1.203,-3.644,0.246,-1.53366666666667,3.86503033333333,1.96596803975378,14.786461,3.84531676198464,3.83743990180954,1
0.958,0.258,0.088,0.434666666666667,0.212633333333333,0.461121820491433,0.992072,0.996028112053069,0.992133055592847,16.6645713738191,-5.24834925650056,-8.496,-3.797,3.304,-2.99633333333333,35.2908003333333,5.94060605774641,97.515641,9.87500081012655,9.30587045901672,1
0.958,0.305,0.088,0.450333333333333,0.205066333333333,0.452842503894382,1.018533,1.00922395928753,1.00538002765124,16.6645713738191,-5.24834925650056,-8.496,-3.797,3.304,-2.99633333333333,35.2908003333333,5.94060605774641,97.515641,9.87500081012655,9.30587045901672,1
0.958,0.305,0.086,0.449666666666667,0.205792333333333,0.453643398864497,1.018185,1.00905153485835,1.00538002765124,16.6645713738191,-5.12971231683092,-3.156,-3.797,3.304,-1.21633333333333,15.4277803333333,3.92782132146223,35.293961,5.94087207403088,4.93736214997442,1
0.962,0.23,0.085,0.425666666666667,0.220996333333333,0.470102471098944,0.985569,0.992758278736571,0.989112733716435,15.8458075497508,-5.04940380760271,1.178,-3.278,3.091,0.330333333333333,10.6799443333333,3.26801841080085,21.687249,4.65695705369934,3.48324101951042,1
0.963,0.23,0.085,0.426,0.221533,0.470672922526886,0.987494,0.993727326785371,0.990085349856264,15.6345989010195,-5.04418746276717,1.178,-2.82,3.091,0.483,9.097249,3.01616461752339,18.894365,4.34676488897203,3.05615510077614,1
0.966,0.233,0.091,0.43,0.220513,0.469588117396512,0.995726,0.997860711722834,0.993702671828953,14.9835710861711,-5.38154705213192,1.178,-2.576,2.908,0.503333333333333,7.85994533333333,2.80355940428116,16.479924,4.05954726539795,2.83257127006542,1
0.966,0.238,0.094,0.432666666666667,0.218517333333333,0.467458376043614,0.998636,0.999317767279257,0.994886928248633,14.9835710861711,-5.55786741070724,2.276,-2.454,2.48,0.767333333333333,7.79314533333333,2.79162055683313,17.352692,4.16565625082051,3.34698252161555,1
0.966,0.238,0.094,0.432666666666667,0.218517333333333,0.467458376043614,0.998636,0.999317767279257,0.994886928248633,14.9835710861711,-5.55786741070724,2.398,-2.454,2.48,0.808,7.982164,2.82527237624977,17.92292,4.23354697623636,3.43111060736899,1
0.964,0.214,0.094,0.424,0.2223,0.471487009365051,0.983928,0.991931449244352,0.987467467818561,15.4205707929902,-5.5693258350683,2.398,-2.454,1.992,0.645333333333333,7.24560933333333,2.69176695375609,15.740584,3.9674404847458,3.43111060736899,1
0.95,0.207,0.084,0.413666666666667,0.219522333333333,0.468532104912068,0.952405,0.97591239360918,0.972290594421236,18.1948723387668,-5.05301185416678,2.398,-1.508,0.972,0.620666666666667,3.90678533333333,1.97655896277681,8.969252,2.99487094880564,2.83274919468703,1
0.95,0.207,0.084,0.413666666666667,0.219522333333333,0.468532104912068,0.952405,0.97591239360918,0.972290594421236,18.1948723387668,-5.05301185416678,1.391,0.262,0.972,0.875,0.325717,0.570716216696179,2.948309,1.71706406403489,1.4154592894181,1
0.958,0.234,0.084,0.425333333333333,0.218425333333333,0.4673599612005,0.979576,0.989735318153293,0.986164286516197,16.6645713738191,-5.01103125659915,-0.928,2.093,-0.815,0.116666666666667,2.93261233333333,1.71248717756757,5.906058,2.43023825992432,2.28950496832831,1
0.96,0.243,0.08,0.427666666666667,0.219176333333333,0.468162720999156,0.987049,0.993503397075219,0.990277233909777,16.260204708312,-4.76364169072618,-0.928,2.093,-0.815,0.116666666666667,2.93261233333333,1.71248717756757,5.906058,2.43023825992432,2.28950496832831,1
0.964,0.243,0.076,0.427666666666667,0.222712333333333,0.471924075814461,0.994121,0.997056166923409,0.994155420444912,15.4205707929902,-4.50777079340135,-0.379,-0.165,0.192,-0.117333333333333,0.0832143333333333,0.288468946913413,0.20773,0.455774066835751,0.413359407779719,1
0.966,0.235,0.076,0.425666666666667,0.225290333333333,0.474647588567911,0.994157,0.997074219905419,0.994173526100952,14.9835710861711,-4.498476280691,-0.379,-2.088,1.199,-0.422666666666667,2.70252233333333,1.64393501493622,5.940986,2.43741379334737,2.12211804572696,1
0.969,0.219,0.057,0.415,0.236748,0.486567569819445,0.990171,0.9950733641295,0.993439479787269,14.3036487216306,-3.3664606634298,-1.172,-3.309,1.992,-0.829666666666667,7.11304433333333,2.66702912120084,16.291129,4.0362270748807,3.51042233926347,1
0.969,0.207,0.054,0.41,0.240213,0.490115292558802,0.984726,0.992333613257155,0.990863259991004,14.3036487216306,-3.18965449897115,-3.308,-3.339,2.389,-1.41933333333333,10.8777923333333,3.29814983488218,27.799106,5.27248575152176,4.70018988978105,1
0.969,0.207,0.042,0.406,0.244533,0.494502780578633,0.983574,0.991752993441411,0.990863259991004,14.3036487216306,-2.48185498042072,-5.933,-3.797,2.389,-2.447,18.680796,4.32212864223174,55.325019,7.43807898586725,7.04398310616941,1
0.956,0.218,0.035,0.403,0.237729,0.487574609675278,0.962685,0.981165123717716,0.980540667183162,17.0596212568516,-2.096712385496,-7.337,-4.346,1.687,-3.332,21.129291,4.59666085327164,75.565254,8.69282773325228,8.52756031934105,1
0.956,0.219,0.035,0.403333333333333,0.237544333333333,0.487385200158287,0.963122,0.98138779287293,0.980763478112843,17.0596212568516,-2.096712385496,-8.496,-4.346,0.833,-4.003,21.845797,4.67394875881198,91.763621,9.57933301435961,9.54304626416534,1
0.956,0.226,0.042,0.408,0.233692,0.483417004252023,0.966776,0.983247679885389,0.98235024303962,17.0596212568516,-2.51556099080435,-9.107,-2.24,0.68,-3.55566666666667,25.2445763333333,5.0243981065729,88.417449,9.4030553013369,9.37843531725842,1
0.956,0.239,0.051,0.415333333333333,0.228076333333333,0.477573380050996,0.973658,0.986741100795948,0.985422244522621,17.0596212568516,-3.05367935195739,-9.107,-2.24,0.68,-3.55566666666667,25.2445763333333,5.0243981065729,88.417449,9.4030553013369,9.37843531725842,1
0.961,0.239,0.051,0.417,0.230788,0.480403996652817,0.983243,0.991586103170068,0.990273699539678,16.0543080742742,-3.03782115830335,-8.069,-1.355,0.68,-2.91466666666667,20.9606703333333,4.57828246543759,67.407186,8.21018793938361,8.18197934487738,1
0.961,0.222,0.051,0.411333333333333,0.233910333333333,0.483642774507522,0.975406,0.987626447600508,0.986308775181484,16.0543080742742,-3.03782115830335,4.626,0.323,1.809,2.25266666666667,4.77658233333333,2.18553936897356,24.776686,4.97761850687656,4.63726266239039,1
0.961,0.222,0.051,0.411333333333333,0.233910333333333,0.483642774507522,0.975406,0.987626447600508,0.986308775181484,16.0543080742742,-3.03782115830335,4.626,0.323,1.809,2.25266666666667,4.77658233333333,2.18553936897356,24.776686,4.97761850687656,4.63726266239039,1
0.943,0.286,0.106,0.445,0.194103,0.440571220122241,0.982281,0.991100903036618,0.985416155743349,19.4383706628683,-6.41353670464163,0,0,0.291,0.097,0.028227,0.168008928334181,0.084681,0.291,0,1
0.943,0.286,0.109,0.446,0.193089,0.439418934503282,0.982926,0.991426245365736,0.985416155743349,19.4383706628683,-6.59347530092959,1.727,0.872,0.588,1.06233333333333,0.351500333333333,0.592874635427536,4.088657,2.02204277897378,1.93466095220842,1
0.943,0.275,0.106,0.441333333333333,0.195892333333333,0.442597258614797,0.97611,0.987982793372435,0.982280000814432,19.4383706628683,-6.41353670464163,1.727,0.872,0.588,1.06233333333333,0.351500333333333,0.592874635427536,4.088657,2.02204277897378,1.93466095220842,1
0.942,0.275,0.106,0.441,0.195391,0.442030541931211,0.974225,0.987028368386644,0.981320029348224,19.6098106888681,-6.42028831001445,-0.47,-0.135,0.833,0.076,0.457843,0.676640968313329,0.933014,0.965926498238867,0.489004089962446,1
0.942,0.275,0.105,0.440666666666667,0.195726333333333,0.442409689465922,0.974014,0.986921476106382,0.981320029348224,19.6098106888681,-6.3602182321664,-0.47,-0.135,0.833,0.076,0.457843,0.676640968313329,0.933014,0.965926498238867,0.489004089962446,1
0.941,0.279,0.099,0.439666666666667,0.196601333333333,0.443397489092274,0.973123,0.98646996913236,0.981489684102691,19.7798228123058,-6.00583641722486,-0.837,0.415,0.314,-0.036,0.483751,0.695522106046961,0.97139,0.985591193142471,0.934234445950266,1
0.941,0.294,0.097,0.444,0.194959,0.441541617517534,0.981326,0.990618998404533,0.985858509117815,19.7798228123058,-5.88536672036866,-0.837,0.415,0.314,-0.036,0.483751,0.695522106046961,0.97139,0.985591193142471,0.934234445950266,1
0.939,0.294,0.097,0.443333333333333,0.193966333333333,0.440416091138066,0.977566,0.988719373735541,0.983949693836021,20.1157080544961,-5.89781384407939,-0.837,0.415,0.314,-0.036,0.483751,0.695522106046961,0.97139,0.985591193142471,0.934234445950266,1
0.939,0.285,0.106,0.443333333333333,0.192274333333333,0.438490972921146,0.974182,0.987006585590998,0.981298119839226,20.1157080544961,-6.44062832559847,-0.653,1.33,0.314,0.330333333333333,0.983272333333333,0.991600894177357,2.293905,1.51456429378221,1.48165751778203,1
0.939,0.28,0.11,0.443,0.191737,0.437877836844936,0.972221,0.986012677403288,0.979857642721635,20.1157080544961,-6.68151287531138,0.995,1.33,0.375,0.9,0.234775,0.484535860385999,2.89955,1.70280650691733,1.66100120409348,1
0.936,0.28,0.115,0.443666666666667,0.188600333333333,0.434281398788082,0.967721,0.983728112844194,0.976983111420049,20.6096929375321,-7.00444142861751,1.086,1.3,0.436,0.940666666666667,0.202465333333333,0.449961479832811,3.059492,1.74914036029131,1.69392916026615,1
0.936,0.278,0.121,0.445,0.186973,0.432403746514759,0.968021,0.983880582184647,0.976411798371978,20.6096929375321,-7.36597496833521,1.086,1.239,0.558,0.961,0.127659,0.357293996591043,3.025881,1.73950596434735,1.64757913315264,1
0.936,0.28,0.121,0.445666666666667,0.186640333333333,0.432018903907379,0.969137,0.984447560817741,0.976983111420049,20.6096929375321,-7.36597496833521,1.086,0.659,0.558,0.767666666666667,0.0785523333333333,0.280271891800325,1.925041,1.38745846784688,1.27030586867888,1
0.936,0.28,0.121,0.445666666666667,0.186640333333333,0.432018903907379,0.969137,0.984447560817741,0.976983111420049,20.6096929375321,-7.36597496833521,0.811,0.628,0.619,0.686,0.011739,0.108346665846255,1.435266,1.19802587618131,1.02572169714792,1
0.945,0.284,0.117,0.448666666666667,0.191732333333333,0.437872508081215,0.98737,0.993664933466005,0.986752755253311,19.0910525128604,-7.05784664988108,-0.074,0.201,0.558,0.228333333333333,0.100416333333333,0.316885363078406,0.357241,0.597696411232325,0.214189168727086,1
0.948,0.288,0.117,0.451,0.192567,0.438824566313236,0.995337,0.997665775698455,0.990781509718465,18.5583536994437,-7.03573589212007,-0.074,0.17,0.466,0.187333333333333,0.0731253333333333,0.270416961992648,0.251532,0.501529660139857,0.185407658957229,1
0.949,0.295,0.105,0.449666666666667,0.196025333333333,0.442747482582717,0.998651,0.999325272371314,0.993793741175703,18.377480657165,-6.31368433188017,0.018,0.109,-0.942,-0.271666666666667,0.339080333333333,0.582306047824796,0.899569,0.94845611390301,0.110476241789807,1
0.956,0.295,0.098,0.449666666666667,0.201982333333333,0.449424446746429,1.010565,1.00526862081734,1.00048038461531,17.0596212568516,-5.85297208529841,0.018,-1.813,-1.639,-1.14466666666667,1.02141433333333,1.01065045061749,5.973614,2.44409778855102,1.81308935245895,1
0.956,0.295,0.094,0.448333333333333,0.203394333333333,0.450992608956437,1.009797,1.00488656076196,1.00048038461531,17.0596212568516,-5.61563440196477,0.018,-1.813,-1.914,-1.23633333333333,1.18256433333333,1.08745773864244,6.950689,2.63641593835267,1.81308935245895,1
0.94,0.305,0.073,0.439333333333333,0.201456333333333,0.448838872351018,0.981954,0.990935921238099,0.988243391073272,19.9484435888027,-4.44065296123365,-4.102,0.415,-3.684,-2.457,6.229969,2.49599058491814,30.570485,5.52905823807274,4.12293936409451,1
0.94,0.305,0.068,0.437666666666667,0.203296333333333,0.450883946635199,0.981249,0.990580133053354,0.988243391073272,19.9484435888027,-4.1375935841441,-4.377,0.689,-3.684,-2.45733333333333,7.54462233333333,2.74674759184992,33.204706,5.76235247099655,4.43089720034216,1
0.945,0.284,0.061,0.43,0.211351,0.459729268156814,0.977402,0.988636434691743,0.986752755253311,19.0910525128604,-3.69333369626162,-9.015,0.689,0.085,-2.747,29.557072,5.43664161040619,81.752171,9.04169071578983,9.04129116885415,1
0.945,0.265,0.049,0.419666666666667,0.218645333333333,0.46759526658568,0.965651,0.982675429630761,0.981453004478564,19.0910525128604,-2.96823402987171,-9.015,1.94,0.085,-2.33,34.377175,5.86320518146858,85.04105,9.22177043739433,9.22137869301549,1
0.973,0.238,0.049,0.42,0.238287,0.488146494405112,1.005774,1.0028828446035,1.00168508025227,13.3444767140332,-2.88296345253954,5.816,16.955,0.085,7.61866666666667,73.5864303333334,8.57825333814136,321.305106,17.9249855230067,17.9247839875408,1
1.139,0.155,0.049,0.447666666666667,0.361265333333333,0.601053519524953,1.323747,1.15054204616781,1.14949815136867,0,-2.46335657565123,19.519,19.763,6.906,15.396,54.074959,7.35356777353687,819.260366,28.6227246431922,27.7771044207275,1
1.284,0.155,0.086,0.508333333333333,0.452434333333333,0.67263239093381,1.680077,1.2961778427361,1.29332169238747,0,-3.83184464024798,32.794,19.763,6.906,19.821,167.549659,12.9440974579149,1513.715441,38.9064961285387,38.2886746310185,1
1.284,0.155,0.09,0.509666666666667,0.450750333333333,0.671379425759632,1.680781,1.29644938196599,1.29332169238747,0,-4.00950154143925,32.794,19.763,6.173,19.5766666666667,177.195450333333,13.3114781423151,1504.128534,38.7830959826572,38.2886746310185,1
0.796,0.129,0.09,0.338333333333333,0.157474333333333,0.396830358381681,0.658357,0.811392013764001,0.806385143712358,37.2501895550507,-6.45077072540423,22.357,15.032,0.24,12.543,126.936763,11.2666216320599,725.854073,26.9416791050595,26.940610108162,1
0.649,0.129,0.207,0.328333333333333,0.0786413333333333,0.280430621247633,0.480691,0.693318829976512,0.661696304961725,49.5337514758928,-17.6901988350423,-15.699,15.032,-2.341,-1.00266666666667,237.441942333333,15.409151252854,477.899906,21.860921892729,21.7352162400101,1
0.649,0.129,0.207,0.328333333333333,0.0786413333333333,0.280430621247633,0.480691,0.693318829976512,0.661696304961725,49.5337514758928,-17.6901988350423,-15.699,63.708,-24.131,7.95933333333333,2348.71003233333,48.4634917472249,4887.473026,69.9104643526275,65.6137780119389,1
0.888,0.221,0.141,0.416666666666667,0.168216333333333,0.410141845381977,0.857266,0.925886602127928,0.915087427517174,27.3770061841464,-9.02231938605586,-17.53,76.525,-24.131,11.6213333333333,3170.25776033333,56.3050420507199,6745.681686,82.1320989991124,78.5071749905701,1
0.888,0.356,0.068,0.437333333333333,0.173061333333333,0.416006410207022,0.919904,0.959116259897621,0.956702670634926,27.3770061841464,-4.37896860775239,-17.53,76.525,15.45,24.815,2277.363175,47.7217264461377,6402.079025,80.0129928511614,78.5071749905701,1
0.698,0.356,0.054,0.369333333333333,0.103817333333333,0.322206972819232,0.616856,0.785401807993845,0.783543234288957,45.7332368484762,-4.42381305694364,25.225,54.278,23.904,34.469,294.733621,17.1678076934709,4153.803125,64.4500048487198,59.8531695819027,1
0.698,0.298,0.027,0.341,0.113947,0.337560364971956,0.576737,0.759432024607864,0.758951908884878,45.7332368484762,-2.21520796173016,25.225,44.482,23.904,31.2036666666667,132.671862333333,11.5183272367707,3186.350165,56.4477649247514,51.1365715413147,1
0.924,0.112,0.027,0.354333333333333,0.245196333333333,0.495173033729961,0.867049,0.9311546595491,0.930763127761301,22.481956617359,-1.67375105221217,17.993,44.482,0.326,20.9336666666667,493.923724333333,22.2243948024088,2302.502649,47.9844000587691,47.9832926444195,1
0.945,0.112,0.039,0.365333333333333,0.253342333333333,0.503331236198722,0.90709,0.952412725660467,0.951613892290355,19.0910525128604,-2.36324664103878,7.495,40.85,0.326,16.2236666666667,467.690860333333,21.6261614794058,1725.003801,41.5331650732279,41.5318856422388,1
1.114,0.18,0.181,0.491666666666667,0.290474333333333,0.53895670821814,1.306157,1.14287225882861,1.12844849240007,0,-9.22863350730267,-81.342,40.85,51.034,3.514,5426.334016,73.6636546473225,10889.71262,104.353785844118,91.0233127500862,1
1.114,0.395,0.181,0.563333333333333,0.238874333333333,0.488747719517271,1.429782,1.19573492045687,1.18195642897697,0,-9.22863350730267,-81.342,-27.57,51.034,-19.2926666666667,4432.23702933333,66.5750480986183,9981.09502,99.9054303829377,85.8872858111141,1
0.755,0.395,0.181,0.443666666666667,0.0841453333333333,0.290078150389396,0.758811,0.871097583511744,0.852085676443396,40.9746302294453,-13.481381349952,-41.516,-54.059,-28.007,-41.194,169.754439,13.0289845728668,5430.345786,73.6908799377508,68.1612333881951,1
0.65,0.096,0.091,0.279,0.103237,0.32130515090798,0.439997,0.663322696732141,0.657050987367038,49.4583981264955,-7.96961039432136,-41.516,-54.059,-28.007,-41.194,169.754439,13.0289845728668,5430.345786,73.6908799377508,68.1612333881951,1
0.614,0.024,0.091,0.243,0.104353,0.323037149566424,0.385853,0.621170668979146,0.614468876347696,52.1207056059383,-8.4303508996206,-52.564,-54.059,0.223,-35.4666666666667,955.872986333333,30.9171956414765,5685.399306,75.4015868931152,75.4012571314298,1
0.614,0.024,0.091,0.243,0.104353,0.323037149566424,0.385853,0.621170668979146,0.614468876347696,52.1207056059383,-8.4303508996206,-53.296,-18.897,0.372,-23.9403333333333,739.139964333333,27.18712865187,3197.698609,56.5481972214853,56.5469736148629,1
0.614,0.316,0.091,0.340333333333333,0.0688263333333333,0.262347733615774,0.485133,0.696514895748827,0.690544712527726,52.1207056059383,-8.4303508996206,-70.935,-11.545,0.372,-27.3693333333333,1458.97920633333,38.1965863178024,5165.199634,71.8693233166975,71.868360562907,1
0.88,0.316,0.041,0.412333333333333,0.182940333333333,0.427715247955148,0.875937,0.935915060248525,0.93501657739315,28.357636576328,-2.66753342094243,-164.38,-1.142,0.372,-55.05,8965.359724,94.6855835066775,27022.226948,164.384387786675,164.383966870252,1
1.377,0.316,0.033,0.575333333333333,0.502024333333333,0.708536755104019,1.997074,1.41317868650783,1.41279333237385,0,-1.37283869014682,-164.38,1.404,0.191,-54.2616666666667,9094.90334433333,95.367202665976,27022.792097,164.386106763923,164.385995802562,1
1.377,0.298,0.041,0.572,0.502531,0.708894209314761,1.986614,1.40947295114167,1.40887650274962,0,-1.70547068143349,80.981,1.404,0.075,27.4866666666667,2146.67433433333,46.3322170237226,6559.899202,80.9932046655767,80.9931699404339,1
1.284,0.293,0.041,0.539333333333333,0.431772333333333,0.657093854280599,1.736186,1.31764410976561,1.31700607439753,0,-1.82891670074824,80.981,0.262,0.075,27.106,2176.895461,46.6572123149251,6557.99663,80.981458556882,80.9814238267024,1
0.978,0.298,0.212,0.496,0.176092,0.419633173140542,1.090232,1.04414175282861,1.02239327071338,12.0406077411656,-12.2307183309865,-7.398,-1.038,0.181,-2.75166666666667,16.5628003333333,4.06974204751767,55.840609,7.47265742557492,7.47046504576522,1
0.978,0.293,0.212,0.494333333333333,0.177090333333333,0.420821022922255,1.087277,1.04272575493271,1.02094710930586,12.0406077411656,-12.2307183309865,-7.398,-1.038,0.237,-2.733,16.728075,4.08999694376414,55.864017,7.47422350481975,7.47046504576522,1
0.956,0.285,0.087,0.442666666666667,0.207434333333333,0.455449594722987,1.00273,1.00136406965699,0.997577565906531,17.0596212568516,-5.19983264057864,-7.398,90.932,0.269,27.9343333333333,2991.22522633333,54.6920947334561,8323.431389,91.2328416141907,91.2324450401281,1
0.956,0.261,0.087,0.434666666666667,0.211410333333333,0.459793794361487,0.989626,0.994799477281728,0.990987890945192,17.0596212568516,-5.19983264057864,2.978,90.932,0.296,31.402,2659.663956,51.5719299231665,8277.584724,90.9812328120476,90.9807513048777,1
0.956,0.261,0.1,0.439,0.206947,0.454914277639205,0.992057,0.996020582116655,0.990987890945192,17.0596212568516,-5.97156589779643,2.978,-0.318,1.107,1.25566666666667,2.73248033333333,1.65302157679001,10.195057,3.19296993408958,2.99493038316419,1
0.952,0.261,0.1,0.437666666666667,0.204884333333333,0.452641506419079,0.984425,0.992181938960794,0.987129677398061,17.8242358246438,-5.99647407241154,2.978,-1.508,1.107,0.859,5.077177,2.25325919503283,12.367997,3.51681631593121,3.33804553593866,1
0.952,0.253,0.096,0.433666666666667,0.207664333333333,0.455702022524954,0.979529,0.989711574146731,0.985044669037907,17.8242358246438,-5.75826016436676,2.337,-4.255,0.256,-0.554,11.355691,3.36982061837125,23.63213,4.86128892373206,4.85454364487539,1
0.949,0.243,0.089,0.427,0.210292,0.458576056941485,0.967571,0.983651869311496,0.979617272203793,18.377480657165,-5.35769531474984,-7.276,-4.255,0.256,-3.75833333333333,14.3677643333333,3.79048339045739,71.110737,8.43271824502633,8.42883153230624,1
0.937,0.233,0.083,0.417666666666667,0.207905333333333,0.455966373029123,0.939147,0.969095970479704,0.96553508481049,20.4463011157792,-5.06208085550986,-7.276,-0.531,0.256,-2.517,17.140903,4.140157364159,53.287673,7.29984061469838,7.29535036855667,1
0.946,0.268,0.111,0.441666666666667,0.196926333333333,0.443763826075688,0.979061,0.989475113380827,0.983229373035611,18.9150927972829,-6.69226572774071,0.506,0.048,2.944,1.166,2.423404,1.55672862117968,8.925476,2.98755351416506,0.508271580948611,1
0.946,0.268,0.111,0.441666666666667,0.196926333333333,0.443763826075688,0.979061,0.989475113380827,0.983229373035611,18.9150927972829,-6.69226572774071,0.811,0.048,2.944,1.26766666666667,2.25311233333333,1.5010370859287,9.327161,3.054040111066,0.812419226754266,1
0.946,0.268,0.111,0.441666666666667,0.196926333333333,0.443763826075688,0.979061,0.989475113380827,0.983229373035611,18.9150927972829,-6.69226572774071,0.842,0.079,0.588,0.503,0.150961,0.388536999525142,1.060949,1.03002378613312,0.845697936618034,1
0.946,0.267,0.098,0.437,0.201451,0.448832931055644,0.975809,0.987830451039044,0.982957272723489,18.9150927972829,-5.91440651756675,1.086,0.109,0.588,0.594333333333333,0.238662333333333,0.488530790568346,1.537021,1.23976651027522,1.09145636651219,1
0.946,0.267,0.098,0.437,0.201451,0.448832931055644,0.975809,0.987830451039044,0.982957272723489,18.9150927972829,-5.91440651756675,1.269,0.109,0.588,0.655333333333333,0.339800333333333,0.582923951586597,1.967986,1.40284924350409,1.27367264240071,1
0.946,0.265,0.098,0.436333333333333,0.201792333333333,0.449213015543109,0.974745,0.987291750193427,0.982415899708469,18.9150927972829,-5.91440651756675,1.269,0.109,0.894,0.757333333333333,0.350408333333333,0.591952982367125,2.421478,1.5561098932916,1.27367264240071,1
0.947,0.265,0.098,0.436666666666667,0.202302333333333,0.449780316747335,0.976638,0.988249968378446,0.983378869002177,18.7375417673679,-5.90820530584775,0.811,0.048,0.951,0.603333333333333,0.236196333333333,0.486000342935407,1.564426,1.25077016273974,0.812419226754266,1
0.947,0.265,0.097,0.436333333333333,0.202641333333333,0.450157009645894,0.976443,0.988151304203967,0.983378869002177,18.7375417673679,-5.8483375077287,0.537,0.048,0.951,0.512,0.204321,0.452018804918557,1.195074,1.09319440174198,0.539140983417139,1
0.947,0.268,0.097,0.437333333333333,0.202130333333333,0.44958907163468,0.978042,0.988960059860862,0.984191546397346,18.7375417673679,-5.8483375077287,0.445,0.079,0.161,0.228333333333333,0.0368893333333333,0.192065960891912,0.230187,0.479778073696579,0.45195796264697,1
0.947,0.269,0.097,0.437666666666667,0.201961333333333,0.449401082924077,0.978579,0.989231519918366,0.984464321344354,18.7375417673679,-5.8483375077287,0.354,0.598,0.161,0.371,0.047959,0.21899543374235,0.508841,0.713330918999029,0.69492445632601,1
0.947,0.27,0.1,0.439,0.200773,0.448077002310987,0.979709,0.989802505553507,0.984738036230956,18.7375417673679,-6.02790194301724,0.262,0.72,0.161,0.381,0.088741,0.297894276547905,0.612965,0.782920813364928,0.766187966493862,1
0.947,0.272,0.112,0.443666666666667,0.196408333333333,0.443179797975194,0.983337,0.991633500845953,0.985288282686849,18.7375417673679,-6.74493805896384,-0.196,1.452,-0.144,0.370666666666667,0.877637333333333,0.936823000002313,2.167456,1.47222824317427,1.46516893223956,1
0.947,0.273,0.112,0.444,0.196237,0.442986455774892,0.983882,0.991908261887157,0.98556481268357,18.7375417673679,-6.74493805896384,-0.196,1.452,-0.663,0.197666666666667,1.23453633333333,1.11109690546475,2.586289,1.60819432905355,1.46516893223956,1
0.947,0.276,0.112,0.445,0.195727,0.442410442914721,0.985529,0.992738132641232,0.98640002027575,18.7375417673679,-6.74493805896384,0.232,2.093,-1.182,0.381,2.698057,1.64257633003766,5.831597,2.4148699757958,2.10581884311068,1
0.947,0.276,0.104,0.442333333333333,0.198412333333333,0.445434993386615,0.983801,0.991867430657948,0.98640002027575,18.7375417673679,-6.26713584778891,0.262,2.093,-2.311,0.0146666666666667,4.89468433333333,2.21239334959526,9.790014,3.12889980664131,2.10933472924522,1
0.948,0.275,0.104,0.442333333333333,0.199084333333333,0.446188674591067,0.985145,0.992544709320442,0.987081050370232,18.5583536994437,-6.26057746711755,0.323,2.093,-2.555,-0.0463333333333334,5.50328133333333,2.34590735821629,11.013003,3.3185844873982,2.11777666433456,1
0.958,0.265,0.104,0.442333333333333,0.205914333333333,0.453777845793879,0.998805,0.99940232139014,0.993976357867731,16.6645713738191,-6.19573787489082,10.882,6.671,-7.346,3.40233333333333,91.0781323333333,9.54348638251941,216.883881,14.7269779995762,12.7640183719705,1
0.958,0.265,0.104,0.442333333333333,0.205914333333333,0.453777845793879,0.998805,0.99940232139014,0.993976357867731,16.6645713738191,-6.19573787489082,10.882,6.671,-7.346,3.40233333333333,91.0781323333333,9.54348638251941,216.883881,14.7269779995762,12.7640183719705,1
0.902,0.265,0.086,0.417666666666667,0.183944333333333,0.428887320089244,0.891225,0.944047138653574,0.940121800619473,25.5777835422144,-5.44632719468699,-2.759,1.544,1.626,0.137,6.291793,2.50834467328555,12.639893,3.55526271884371,3.16164782985076,1
0.87,0.18,-0.196,0.284666666666667,0.292305333333333,0.540652691969006,0.827716,0.909788986523798,0.888425573697651,29.5413605001428,12.696053489108,-15.21,1.544,1.626,-4.01333333333333,94.0256893333333,9.69668445053944,236.371912,15.3743914351105,15.2881665349381,1
0.87,0.18,-0.196,0.284666666666667,0.292305333333333,0.540652691969006,0.827716,0.909788986523798,0.888425573697651,29.5413605001428,12.696053489108,-24.701,1.544,0.111,-7.682,217.748143,14.756291641195,612.535658,24.7494577314332,24.7492088156369,1
0.87,0.225,-0.106,0.329666666666667,0.246360333333333,0.496346988842819,0.818761,0.904854131890881,0.89862394804501,29.5413605001428,6.94662644283912,-24.701,9.051,0.111,-5.17966666666667,305.792741333333,17.4869305863932,692.072323,26.3072674939835,26.3070333181072,1
0.891,0.225,0.031,0.382333333333333,0.203465333333333,0.451071317347194,0.845467,0.919492794969053,0.918970075682555,27.0008233722669,-1.99265207124122,3.711,17.962,0.111,7.26133333333333,89.1182003333333,9.44024365857859,336.417286,18.3416816568165,18.3413457794132,1
0.891,0.159,0.031,0.360333333333333,0.215301333333333,0.464005747090845,0.820123,0.905606426655642,0.905075687442769,27.0008233722669,-1.99265207124122,3.711,17.962,-7.957,4.572,168.504631,12.9809333639766,399.718814,19.9929691141661,18.3413457794132,1
0.891,0.159,0.031,0.360333333333333,0.215301333333333,0.464005747090845,0.820123,0.905606426655642,0.905075687442769,27.0008233722669,-1.99265207124122,3.711,14.758,-16.349,0.706666666666667,248.680876333333,15.7696187757768,498.859886,22.3351715014683,15.2174270164177,1
0.721,0.161,-0.041,0.280333333333333,0.155841333333333,0.394767442088799,0.547443,0.739893911314318,0.738757064264024,43.8628958798206,3.25464598115366,-45.819,13.598,-21.079,-17.7666666666667,890.823636333334,29.8466687644255,2728.610606,52.2361044297907,47.7942084880585,1
0.721,0.172,-0.041,0.284,0.154569,0.39315264211245,0.551106,0.742365139267733,0.741232082414138,43.8628958798206,3.25464598115366,-45.819,13.598,-21.079,-17.7666666666667,890.823636333334,29.8466687644255,2728.610606,52.2361044297907,47.7942084880585,1
0.829,0.196,0.204,0.409666666666667,0.131896333333333,0.363175347915209,0.767273,0.875941208072779,0.851855034615632,34.0038495510334,-13.8246406988252,51.471,68.988,0.076,40.1783333333333,1282.85917633333,35.817023554915,7408.613761,86.0733045781327,86.0732710253305,1
0.829,0.196,0.204,0.409666666666667,0.131896333333333,0.363175347915209,0.767273,0.875941208072779,0.851855034615632,34.0038495510334,-13.8246406988252,51.471,68.988,42.886,54.4483333333333,176.976986333333,13.3032697609773,9247.816981,96.1655706633096,86.0732710253305,1
0.665,-0.064,-0.026,0.191666666666667,0.168394333333333,0.410358786104713,0.446997,0.668578342455093,0.668072600845148,48.3176746066605,2.23899533720273,40.789,30.108,42.886,37.9276666666667,46.9597423333334,6.85271787930405,4409.443181,66.403638311466,50.6974771068541,1
0.613,-0.064,-0.626,-0.0256666666666667,0.384882333333333,0.620388856551545,0.771741,0.878487905437519,0.616331891110625,52.1932599599921,45.601144311848,33.13,-25.281,37.209,15.0193333333333,1222.24721033333,34.9606523156152,3121.235542,55.8680189553916,41.6740430124076,1
0.613,0.585,-0.626,0.190666666666667,0.500404333333333,0.707392630250933,1.10987,1.05350367820905,0.847345266110574,52.1932599599921,45.601144311848,-72.278,-35.932,10.598,-32.5373333333333,1725.75066533333,41.5421552803093,6627.535512,81.4096770169247,80.7168997670253,1
0.936,0.585,-0.202,0.439666666666667,0.339602333333333,0.582754093364717,1.259125,1.12210739236492,1.10377579245062,20.6096929375321,12.178339482366,-81.891,-82.044,2.633,-53.7673333333333,2385.75405233333,48.8441813559541,13444.286506,115.949499809184,115.91960065925,1
0.936,0.425,-0.101,0.42,0.268861,0.518518080687646,1.066922,1.03291916431055,1.02796935751996,20.6096929375321,6.1587277137288,-81.891,-82.044,-0.172,-54.7023333333333,2230.17379233333,47.2247159052686,13437.383401,115.919728264864,115.91960065925,1
0.936,0.025,0.271,0.410666666666667,0.222110333333333,0.471285829760808,0.950162,0.974762535184852,0.936333807997981,20.6096929375321,-16.1473114010758,-81.891,1.165,-10.917,-30.5476666666667,2013.59708933333,44.8731221259824,6826.673995,82.6236890667562,81.8992863583072,1
0.918,0.025,0.271,0.404666666666667,0.212762333333333,0.46126167555232,0.91679,0.957491514322712,0.918340350850381,23.3645749994502,-16.4469678398158,-55.982,1.165,-14.548,-23.1216666666667,871.575722333333,29.5224613190251,3346.985853,57.8531403901292,55.9941206645841,1
0.864,0.291,0.232,0.462333333333333,0.121872333333333,0.349102181794003,0.885001,0.940744917605192,0.911689091741258,30.2312862551218,-15.0304305234333,-54.914,-11.915,-10.917,-25.9153333333333,630.941002333333,25.1185390166971,3276.69551,57.2424275341289,56.191766487627,1
0.885,0.291,0.195,0.457,0.139692,0.373753929745227,0.905931,0.951804076477927,0.931614727234386,27.7484787006534,-12.4259428654275,-40.845,-12.83,-10.917,-21.5306666666667,280.697496333333,16.7540292566694,1952.103814,44.1826189128712,42.8126491238279,1
0.885,0.291,0.195,0.457,0.139692,0.373753929745227,0.905931,0.951804076477927,0.931614727234386,27.7484787006534,-12.4259428654275,-38.953,-12.83,0.428,-17.1183333333333,401.508142333333,20.0376680862154,1682.128293,41.0137573626216,41.0115240999405,1
0.885,0.27,0.148,0.434333333333333,0.156046333333333,0.395027003296399,0.878029,0.937032016528784,0.925270230797468,27.7484787006534,-9.49381493818854,-38.404,-7.062,0.428,-15.0126666666667,424.390881333333,20.6007495332896,1524.922244,39.050252803279,39.0479072422582,1
0.936,0.173,0.007,0.372,0.245461,0.495440208299649,0.906074,0.951879194015711,0.951853455107455,20.6096929375321,-0.428486089273287,7.953,-7.062,0.428,0.439666666666667,56.3626583333333,7.50750679875372,113.305237,10.6444932711708,10.6358851535733,1
0.937,0.173,0.007,0.372333333333333,0.246025333333333,0.496009408512917,0.907947,0.952862529434336,0.952836817088844,20.4463011157792,-0.428028810576583,8.563,-7.062,0.201,0.567333333333333,61.1358063333333,7.81893895188684,123.237214,11.1012257881731,11.0994059750961,1
0.94,0.174,0.014,0.376,0.244972,0.494946461751168,0.914072,0.956071127061162,0.955968618731808,19.9484435888027,-0.853278309385629,13.018,323.972,0.176,112.388666666667,33616.8594493333,183.34900994915,105127.356084,324.233490071584,324.233442303535,1
0.968,0.174,0.026,0.389333333333333,0.256617333333333,0.506574114353797,0.967976,0.983857713289884,0.98351410767716,14.533746901085,-1.53856630692766,13.018,537.968,0.176,183.720666666667,94159.6091213333,306.854377712513,289579.068324,538.125513541218,538.125484759828,1
0.968,0.174,0.029,0.390333333333333,0.255530333333333,0.505500082426634,0.968141,0.983941563305464,0.98351410767716,14.533746901085,-1.71599253345103,12.896,537.968,0.171,183.678333333333,94181.3573363333,306.889813021438,289575.905081,538.122574401967,538.122547232505,1
0.968,0.166,0.028,0.387333333333333,0.257641333333333,0.507583819022369,0.965364,0.982529388873432,0.982130337582543,14.533746901085,-1.6568539475225,2.337,1.879,0.176,1.464,1.296649,1.13870496617868,9.023186,3.00386184768874,2.99870138560011,1
0.968,0.166,0.028,0.387333333333333,0.257641333333333,0.507583819022369,0.965364,0.982529388873432,0.982130337582543,14.533746901085,-1.6568539475225,0.537,1.879,0.184,0.866666666666667,0.799766333333333,0.89429655782259,3.852866,1.96287187559453,1.95422874812546,1
0.97,0.18,0.028,0.392666666666667,0.255761333333333,0.505728517421485,0.974084,0.986956939283574,0.986559678884151,14.0698677475721,-1.65343965208785,-0.318,157.971,0.184,52.6123333333333,8325.39948233333,91.2436270779134,24954.971821,157.971427229737,157.971320071081,1
0.972,0.187,0.028,0.395666666666667,0.255440333333333,0.505411053829785,0.980537,0.990220682474366,0.989824731960159,13.5904939668059,-1.65003939557788,-3.247,157.971,0.188,51.6373333333333,8483.08630633333,92.1036715138617,24965.415194,158.004478398557,158.004366553586,1
0.972,0.193,0.034,0.399666666666667,0.251994333333333,0.501990371753616,0.983189,0.991558873693338,0.99097578174242,13.5904939668059,-2.00335654817152,-4.865,157.971,0.188,51.098,8572.761799,92.589209949108,24978.54041,158.046007257381,158.045895441799,1
0.972,0.2,0.049,0.407,0.245119,0.495094940390225,0.987185,0.993571839375493,0.99236283686966,13.5904939668059,-2.8859244528735,-4.865,0.903,-0.266,-1.40933333333333,9.29786433333333,3.0492399599463,24.55439,4.95523864208375,4.94809397647215,1
0.966,0.202,0.049,0.405666666666667,0.241332333333333,0.4912558735866,0.976361,0.988109811711229,0.986894117927552,14.9835710861711,-2.90381886509628,-4.865,0.811,-0.266,-1.44,9.087951,3.01462286198456,24.396702,4.93930177251806,4.93213402088792,1
0.966,0.213,0.049,0.409333333333333,0.239132333333333,0.489011588138086,0.980926,0.990417083859118,0.989204225627853,14.9835710861711,-2.90381886509628,-3.888,0.384,-0.266,-1.25666666666667,5.29856133333333,2.30186040700415,15.334756,3.91596169542042,3.90691694306393,1
0.967,0.216,0.051,0.411333333333333,0.238380333333333,0.488242084762604,0.984346,0.992142126915292,0.990830459765948,14.7603345814695,-3.01900719364144,-3.125,0.14,-0.236,-1.07366666666667,3.19132033333333,1.78642669408328,9.840921,3.13702422687489,3.12813442805772,1
0.967,0.219,0.051,0.412333333333333,0.237797333333333,0.487644679385855,0.985651,0.992799576953979,0.991488779563339,14.7603345814695,-3.01900719364144,-2.088,-0.043,0.1,-0.677,1.498303,1.22405187798557,4.371593,2.09083547894137,2.08844272126386,1
0.964,0.219,0.041,0.408,0.239773,0.489666212842994,0.978938,0.989412957263043,0.988563098643683,15.4205707929902,-2.43538594719559,-2.088,-0.043,0.1,-0.677,1.498303,1.22405187798557,4.371593,2.09083547894137,2.08844272126386,1
0.964,0.212,0.032,0.402666666666667,0.244421333333333,0.494389859658684,0.975264,0.987554555455039,0.987035966923192,15.4205707929902,-1.90123646461443,-1.386,-0.016,-0.053,-0.485,0.609193,0.78050816779839,1.924061,1.38710525916385,1.38609234901575,1
0.964,0.21,0.032,0.402,0.244804,0.494776717318024,0.97442,0.987127144799493,0.986608331608851,15.4205707929902,-1.90123646461443,-1.386,0.842,-0.053,-0.199,1.256983,1.12115253199554,2.632769,1.62258096870387,1.62171514144747,1
0.965,0.202,0.033,0.4,0.246559,0.496547077325,0.973118,0.986467434840096,0.985915310764571,15.203604093293,-1.95857430556225,0.598,0.842,0.971,0.803666666666667,0.0358843333333333,0.189431605951418,2.009409,1.41753624292291,1.03274779108938,1
0.965,0.193,0.033,0.397,0.248368,0.498365327846952,0.969563,0.984663902049831,0.984110766123407,15.203604093293,-1.95857430556225,0.598,0.537,0.971,0.702,0.055201,0.234948930621103,1.588814,1.260481653972,0.803724455270586,1
0.954,0.261,0.094,0.436333333333333,0.207956333333333,0.456022294776619,0.987073,0.993515475470815,0.98905864335741,17.445987705778,-5.62733173532576,2.673,0.811,0.71,1.398,1.221769,1.10533660031684,8.30675,2.88214329969903,2.79332239456888,1
0.954,0.261,0.095,0.436666666666667,0.207614333333333,0.455647158811874,0.987262,0.993610587705264,0.98905864335741,17.445987705778,-5.6868066190891,2.673,0.811,0.937,1.47366666666667,1.08276933333333,1.04056202762417,8.680619,2.94628902180353,2.79332239456888,1
0.954,0.261,0.095,0.436666666666667,0.207614333333333,0.455647158811874,0.987262,0.993610587705264,0.98905864335741,17.445987705778,-5.6868066190891,2.246,0.811,0.71,1.25566666666667,0.738120333333333,0.859139297979864,6.206337,2.49125209483103,2.38793571940285,1
0.951,0.262,0.097,0.436666666666667,0.205210333333333,0.453001471667955,0.982454,0.99118817587782,0.986430433431573,18.010475910494,-5.82390826099411,2.093,0.811,0.375,1.093,0.797524,0.893041992293755,5.178995,2.27574053881368,2.2446313728539,1
0.95,0.264,0.097,0.437,0.204349,0.452049776020296,0.981605,0.9907598094392,0.986,18.1948723387668,-5.82999648556313,-1.02,0.842,0.263,0.0283333333333333,0.908062333333333,0.952923046910575,1.818533,1.34852994034245,1.32263524828276,1
0.95,0.264,0.097,0.437,0.204349,0.452049776020296,0.981605,0.9907598094392,0.986,18.1948723387668,-5.82999648556313,-1.02,0.842,0.263,0.0283333333333333,0.908062333333333,0.952923046910575,1.818533,1.34852994034245,1.32263524828276,1
0.955,0.263,0.097,0.438333333333333,0.207097333333333,0.45507948023761,0.990603,0.995290409880453,0.9905523711546,17.2538531173573,-5.79968155877924,-0.714,0.842,0.07,0.066,0.605296,0.778007712044039,1.22366,1.10619166512861,1.10397463738983,1
0.956,0.261,0.099,0.438666666666667,0.207286333333333,0.455287088915701,0.991858,0.995920679572425,0.990987890945192,17.0596212568516,-5.91227534659169,-0.714,0.903,0.07,0.0863333333333334,0.653872333333333,0.808623727906456,1.330105,1.15330178184203,1.15117548618792,1
0.956,0.261,0.099,0.438666666666667,0.207286333333333,0.455287088915701,0.991858,0.995920679572425,0.990987890945192,17.0596212568516,-5.91227534659169,-0.714,0.903,0.258,0.149,0.662583,0.813992014702847,1.391769,1.17973259682014,1.15117548618792,1
0.954,0.261,0.1,0.438333333333333,0.205914333333333,0.453777845793879,0.988237,0.994101101498233,0.98905864335741,17.445987705778,-5.98399415966694,0.11,21.95,0.261,7.44033333333333,157.903520333333,12.5659667488552,481.882721,21.9518272815727,21.9502756246932,1
0.946,0.259,0.1,0.435,0.202161,0.449623175559268,0.971997,0.985899082056577,0.980814457479089,18.9150927972829,-6.03422694387613,0.11,108.954,0.261,36.4416666666667,3943.53456433333,62.7975681402818,11871.054337,108.954368140979,108.954055528007,1
0.946,0.258,0.103,0.435666666666667,0.201336333333333,0.448705174177135,0.972089,0.985945738872074,0.980550865585259,18.9150927972829,-6.21385798165961,2.093,21.95,0.173,8.072,145.370763,12.0569798457159,486.213078,22.050239862641,22.0495611974479,1
0.961,0.21,0.103,0.424666666666667,0.218602333333333,0.467549284389714,0.97823,0.989055104632699,0.98367728447901,16.0543080742742,-6.11760871304983,8.624,21.95,0.173,10.249,120.539901,10.9790664903716,556.205805,23.5840158794044,23.5833813521301,1
1.125,0.21,0.293,0.542666666666667,0.256056333333333,0.506020091827719,1.395574,1.18134414968713,1.14443217361275,0,-14.5980659858323,12.225,-3.461,17.648,8.804,120.174901,10.962431345281,472.88105,21.7458283355682,12.7054770079679,1
1.125,0.23,0.293,0.549333333333333,0.249536333333333,0.49953611814696,1.404374,1.18506286753066,1.14827043852918,0,-14.5980659858323,12.225,-3.461,17.648,8.804,120.174901,10.962431345281,472.88105,21.7458283355682,12.7054770079679,1
0.734,0.23,-0.023,0.313666666666667,0.148512333333333,0.385372979506002,0.592185,0.769535574226429,0.769191783627464,42.7772151791505,1.79478456336281,-14.234,-3.461,0.494,-5.73366666666667,58.1022563333333,7.62248360662936,214.829313,14.6570567645759,14.6487295353556,1
0.734,0.23,-0.023,0.313666666666667,0.148512333333333,0.385372979506002,0.592185,0.769535574226429,0.769191783627464,42.7772151791505,1.79478456336281,-14.234,0.982,0.494,-4.25266666666667,74.7797973333333,8.64753128547872,203.815116,14.2763831554074,14.2678337528862,1
0.665,0.224,0.073,0.320666666666667,0.0946243333333333,0.307610684686559,0.49773,0.705499822820672,0.701712904256435,48.3176746066605,-6.26452882586093,39.08,34.106,14.047,29.0776666666667,175.625874333333,13.2523912684969,2887.783845,53.7381042185152,51.8696986303179,1
0.572,-0.01,0.073,0.211666666666667,0.0991023333333333,0.314805230790934,0.332613,0.576726104836603,0.572087405909272,55.1101900813836,-7.27290790132358,39.08,52.294,14.047,35.1403333333333,377.348982333333,19.4254725124856,4459.227045,66.7774441334797,65.2832967611165,1
0.572,-0.01,0.088,0.216666666666667,0.0970973333333334,0.311604450117987,0.335028,0.578816032950021,0.572087405909272,55.1101900813836,-8.74616226255521,26.324,52.294,0.159,26.259,679.517725,26.0675607796357,3427.640693,58.5460561694808,58.5458402621399,1
0.975,0.134,0.088,0.399,0.249361,0.499360591156331,0.976325,0.988091594944517,0.984165128421039,12.8385681409841,-5.15733740671161,26.324,36.273,-9.696,17.6336666666667,584.928660333333,24.1852984338282,2102.695921,45.8551624247478,44.8183389361989,1
1.128,0.134,0.088,0.45,0.345292,0.587615520557447,1.298084,1.13933489369895,1.13593133595301,0,-4.46084825851656,19.946,36.273,-9.696,15.5076666666667,543.061342333333,23.3036765840357,1807.585861,42.5157131070384,41.3953311980953,1
1.28,0.204,0.269,0.584333333333333,0.364020333333333,0.603340976010525,1.752377,1.32377377221336,1.29615431180088,0,-11.8683531887054,14.85,36.273,0.257,17.1266666666667,328.175472333333,18.1156140479238,1536.319078,39.1959063933978,39.1950638346208,1
1.28,0.254,0.324,0.619333333333333,0.328585333333333,0.573223632915927,1.807892,1.34457874444006,1.30495823687963,0,-14.2046361631326,8.197,27.331,0.284,11.9373333333333,193.377622333333,13.9060282731387,814.255026,28.5351542137063,28.53374090441,1
1.092,0.254,0.462,0.602666666666667,0.190401333333333,0.436350012413582,1.470424,1.21261040734442,1.12115119408579,0,-22.9321004375898,-52.564,11.154,63.882,7.49066666666667,3399.98273733333,58.3093709221197,6968.295736,83.4763184142664,53.734400638697,1
1.092,0.254,0.462,0.602666666666667,0.190401333333333,0.436350012413582,1.470424,1.21261040734442,1.12115119408579,0,-22.9321004375898,-74.109,-15.058,63.882,-8.42833333333333,4793.34338033333,69.2339756213186,9799.797169,98.993924909562,75.6233247417753,1
1.092,0.52,0.323,0.645,0.159559,0.399448369629919,1.567193,1.25187579256091,1.20948914835975,0,-16.47756093801,-74.109,-15.058,19.448,-23.2396666666667,2238.43281433333,47.312078947488,6097.111949,78.0840057182007,75.6233247417753,1
0.93,0.52,0.323,0.591,0.095893,0.309665949048325,1.239629,1.1133862761863,1.06550457530693,21.5651850152427,-19.1527189822462,-56.073,-53.449,19.448,-30.0246666666667,1837.37990433333,42.8646696515129,6379.201634,79.8699044321451,77.4659727235126,1
0.719,-0.161,0.323,0.293666666666667,0.194245333333333,0.440732723238624,0.647211,0.804494251067091,0.736805265996383,44.0280198129292,-24.1912870840454,-56.073,-53.449,79.415,-10.0356666666667,6002.78766933333,77.4776591627118,12307.719155,110.94016024416,77.4659727235126,1
0.719,-0.161,0.406,0.321333333333333,0.198976333333333,0.446067633137996,0.707718,0.841259769631236,0.736805265996383,44.0280198129292,-29.4522510483358,-56.073,-53.449,79.415,-10.0356666666667,6002.78766933333,77.4776591627118,12307.719155,110.94016024416,77.4659727235126,1
0.822,0.451,0.406,0.559666666666667,0.0521203333333334,0.228298780840664,1.043921,1.02172452255977,0.937595328486656,34.714494524349,-26.2855617865332,53.759,-1.733,0.109,17.3783333333333,993.512921333333,31.5200399957445,2893.045251,53.7870360867747,53.7869256418323,1
1.108,0.451,0.258,0.605666666666667,0.198566333333333,0.445607824587196,1.497629,1.22377653188807,1.19627129030166,0,-13.1078643309207,60.199,-0.29,-0.175,19.9113333333333,1217.32537033333,34.8901901733615,3624.034326,60.1999528737357,60.1996985125341,1
1.108,-0.258,-0.167,0.227666666666667,0.583310333333333,0.763747558643125,1.322117,1.14983346620282,1.13764141978042,0,8.57121979643033,60.199,-0.29,-0.175,19.9113333333333,1217.32537033333,34.8901901733615,3624.034326,60.1999528737357,60.1996985125341,1
0.807,-0.258,-0.167,0.127333333333333,0.348530333333333,0.590364576624761,0.745702,0.863540387011517,0.847238455217892,36.196149628787,11.6917168820354,-11.243,0.158,-0.175,-3.75333333333333,42.0990523333333,6.48837825140715,126.460638,11.2454718887204,11.2441101470948,1
0.807,0.161,0.141,0.369666666666667,0.143545333333333,0.378873769655981,0.697051,0.834895801881888,0.822903396517477,36.196149628787,-9.91074480015466,-11.243,7.889,-0.175,-1.17633333333333,92.2603573333333,9.60522552225263,188.671995,13.735792478048,13.7346776445609,1
0.887,0.272,0.204,0.454333333333333,0.141556333333333,0.376239728541967,0.902369,0.949931050129429,0.927767751110158,27.5013441976582,-12.9521510156508,-11.243,10.394,-8.903,-3.25066666666667,141.001596333333,11.8744093046068,313.703694,17.711682415852,15.3114429431063,1
0.888,0.284,0.204,0.458666666666667,0.139845333333333,0.373958999535154,0.910816,0.954366805793244,0.932308961664533,27.3770061841464,-12.9380563171864,-8.68,10.394,-8.903,-2.39633333333333,122.706902333333,11.0773147618605,262.641045,16.206203904678,13.5416998932926,1
0.888,0.298,0.159,0.448333333333333,0.149810333333333,0.387053398555462,0.902629,0.95006789231086,0.936668564648136,27.3770061841464,-10.151467294512,-6.482,10.394,0.115,1.34233333333333,72.3296043333333,8.50468131874048,150.064785,12.2500932649511,12.2495534612491,1
0.934,0.298,0.153,0.461666666666667,0.172580333333333,0.415427891857701,0.984569,0.992254503643093,0.980387678421144,20.9328160636881,-9.30308473852566,1.696,4.077,0.115,1.96266666666667,3.97769433333333,1.99441578747595,19.51157,4.41719028342678,4.41569303733853,1
0.995,0.118,0.14,0.417666666666667,0.250106333333333,0.500106322028959,1.023549,1.01170598495808,1.00197255451434,5.73196796519773,-8.00914029703723,1.696,3.68,0.115,1.83033333333333,3.19084033333333,1.78629234262853,16.432041,4.05364539643023,4.05201382031207,1
0.995,0.118,0.135,0.416,0.251503,0.501500747756172,1.022174,1.01102621133183,1.00197255451434,5.73196796519773,-7.72661761909723,1.696,1.968,0.193,1.28566666666667,0.913936333333333,0.956000174337502,6.786689,2.60512744409942,2.5979684370677,1
0.949,0.256,0.135,0.446666666666667,0.192914333333333,0.439220142221794,0.984362,0.992150190243393,0.982922682615474,18.377480657165,-8.09628956403405,-4.254,1.239,0.21,-0.935,8.526531,2.92002243142069,19.675737,4.43573409933463,4.43076031850065,1
0.949,0.256,0.143,0.449333333333333,0.190442333333333,0.43639699051819,0.986586,0.99327035594545,0.982922682615474,18.377480657165,-8.56914187983764,-5.414,1.605,0.21,-1.19966666666667,13.8069603333333,3.71577183547824,31.931521,5.6507982621927,5.64689481042458,1
0.95,0.223,0.143,0.438666666666667,0.197696333333333,0.444630558254078,0.972678,0.986244391619035,0.975822217414627,18.1948723387668,-8.56025543158263,-5.414,1.605,0.21,-1.19966666666667,13.8069603333333,3.71577183547824,31.931521,5.6507982621927,5.64689481042458,1
0.95,0.223,0.138,0.437,0.199183,0.4462992269767,0.971273,0.985531836116926,0.975822217414627,18.1948723387668,-8.26515402982623,0.262,1.605,0.247,0.704666666666667,0.608006333333333,0.779747608738452,2.705678,1.64489452549396,1.62624383165625,1
0.95,0.223,0.138,0.437,0.199183,0.4462992269767,0.971273,0.985531836116926,0.975822217414627,18.1948723387668,-8.26515402982623,0.262,1.605,0.247,0.704666666666667,0.608006333333333,0.779747608738452,2.705678,1.64489452549396,1.62624383165625,1
