1.067,0.266,0.071,0.468,0.278607,0.527832359750707,1.214286,1.10194645967942,1.09965676463158,0,-3.80694672042901,27.575,-2.987,0.22,8.26933333333333,282.102786333333,16.7959157634627,769.351194,27.7371807147013,27.7363082258616,1
1.067,0.266,0.071,0.468,0.278607,0.527832359750707,1.214286,1.10194645967942,1.09965676463158,0,-3.80694672042901,27.575,-15.782,0.22,4.00433333333333,480.698246333333,21.9248317287347,1009.500549,31.7726383701448,31.7718766993705,1
0.832,0.266,0.071,0.389666666666667,0.156250333333333,0.395285129157844,0.768021,0.876368073357308,0.873487263788088,33.6952621471169,-4.87760629331662,13.629,-15.782,0.26,-0.631,216.847141,14.7257305761039,434.888765,20.853986789101,20.8523659329103,1
0.832,0.279,0.083,0.398,0.150871,0.388421163172142,0.776954,0.881449941857165,0.877533475144966,33.6952621471169,-5.69695615584281,13.629,-15.782,0.357,-0.598666666666667,216.936704333333,14.7287713110542,434.948614,20.8554216931713,20.8523659329103,1
0.883,0.32,0.086,0.429666666666667,0.167822333333333,0.409661242166419,0.889485,0.943125124254465,0.939195932699881,27.9936033968551,-5.5627914320594,23.455,5.023,0.357,9.61166666666667,149.171297333333,12.2135702124045,575.495003,23.989476922184,23.9868204228906,1
0.883,0.32,0.114,0.439,0.158461,0.398071601599511,0.895085,0.946089319250566,0.939195932699881,27.9936033968551,-7.35649706296573,23.455,5.023,0.219,9.56566666666667,150.454789333333,12.2660013587694,575.415515,23.987820138562,23.9868204228906,1
0.883,0.244,0.249,0.458666666666667,0.135050333333333,0.367491950025213,0.901226,0.949329236882547,0.916092244263644,27.9936033968551,-15.748091256553,10.089,11.031,0.219,7.113,35.867268,5.98892878568447,223.518843,14.9505465786372,14.9489425044048,1
0.854,0.182,0.289,0.441666666666667,0.130376333333333,0.361076630832478,0.845961,0.91976138209864,0.87317810325271,31.3505659313697,-18.696204512683,10.089,11.031,0.187,7.10233333333333,36.0882173333333,6.00734694630944,223.505851,14.9501120731585,14.9489425044048,1
0.854,0.128,0.308,0.43,0.142932,0.378063486732057,0.840564,0.916822774586234,0.863539228987311,31.3505659313697,-19.8321298502184,3.192,20.22,0.017,7.80966666666667,118.032436333333,10.8642733918718,419.037553,20.4704067619576,20.4703997029858,1
0.854,0.128,0.308,0.43,0.142932,0.378063486732057,0.840564,0.916822774586234,0.863539228987311,31.3505659313697,-19.8321298502184,3.192,20.22,-17.57,1.94733333333333,358.182921333333,18.9257211575499,727.742164,26.9766966843607,20.4703997029858,1
1.109,0.273,0.292,0.558,0.227791,0.477274554109058,1.389674,1.17884434935236,1.14210770070077,0,-14.7511917627289,3.192,-37.305,-24.802,-19.6383333333333,429.999342333333,20.7364254955702,2016.991093,44.9109239829242,37.4413125971833,1
1.109,0.357,0.292,0.586,0.206203,0.454095804869413,1.442594,1.20108034702096,1.16504506350613,0,-14.7511917627289,8.319,-57.172,-24.802,-24.5516666666667,1072.31477033333,32.7462176492696,3952.982549,62.872748858309,57.7740715632887,1
1.109,0.357,0.257,0.574333333333333,0.216901333333333,0.465726672344771,1.423379,1.19305448324877,1.16504506350613,0,-13.047430900818,8.319,-57.172,-24.222,-24.3583333333333,1072.28171033333,32.7457128542552,3924.548629,62.6462179943849,57.7740715632887,1
1.06,0.32,0.248,0.542666666666667,0.202021333333333,0.449467833480143,1.287504,1.13468233440025,1.10724884285331,0,-13.1681920181809,3.68,-22.352,-11.802,-10.158,171.443308,13.093636164183,652.441508,25.5429346003939,22.6529093937181,1
0.758,0.32,0.245,0.441,0.076773,0.277079410999807,0.736989,0.858480634609774,0.822778220421518,40.7118018625287,-17.9118180925641,3.68,-5.947,-7.285,-3.184,35.783433,5.98192552611615,101.980434,10.0985362305633,6.99351192177435,1
0.758,0.381,0.073,0.404,0.117703,0.343078708170589,0.725054,0.851501027597736,0.848366076643804,40.7118018625287,-5.50096623718756,3.985,3.71,-7.285,0.136666666666667,41.3297583333333,6.42882246864333,82.71555,9.09480895896115,5.44466022815015,1
0.801,0.381,0.073,0.418333333333333,0.133541333333333,0.365433076408435,0.792091,0.889994943805862,0.886996054106218,36.7742982958196,-5.2073275521619,25.164,3.71,0.146,9.67333333333333,183.146089333333,13.5331477983998,647.012312,25.4364367001355,25.4360176914548,1
0.912,0.264,0.122,0.432666666666667,0.177361333333333,0.421142889448858,0.916324,0.957248139199027,0.949441941352919,24.2167834132925,-7.61933272910571,25.164,-8.008,0.146,5.76733333333333,298.794937333333,17.2856859086741,697.376276,26.4078828382739,26.4074792435779,1
1.01,0.186,0.145,0.447,0.238147,0.488003073760811,1.075721,1.03716970646081,1.02698393366206,0,-8.16980836270829,11.523,-8.008,-8.109,-1.53133333333333,127.814264333333,11.3054970847519,262.663474,16.2068958779897,14.0323765984241,1
1.01,0.186,0.145,0.447,0.238147,0.488003073760811,1.075721,1.03716970646081,1.02698393366206,0,-8.16980836270829,0.72,-8.008,-8.109,-5.13233333333333,25.6899043333333,5.06852092166278,130.402345,11.4193846156437,8.04030248187219,1
0.933,0.29,0.08,0.434333333333333,0.197526333333333,0.444439347192993,0.960989,0.98030046414352,0.977030705761083,21.0926035349567,-4.9008342315502,-6.421,-7.917,-2.006,-5.448,9.445027,3.0732762648353,107.932166,10.3890406679346,10.1935337346771,1
0.907,0.344,0.073,0.441333333333333,0.180994333333333,0.425434287914518,0.946314,0.972786718659337,0.970043813443496,24.9059889186598,-4.60153852145091,-6.452,-1.294,5.746,-0.666666666666667,37.4929613333333,6.12314962526095,76.319256,8.73608928525802,6.58048174528279,1
0.874,0.381,0.073,0.442666666666667,0.163252333333333,0.404044964494465,0.914366,0.956224868950813,0.953434318660703,29.0731540101618,-4.77449213648475,-6.452,-1.294,5.746,-0.666666666666667,37.4929613333333,6.12314962526095,76.319256,8.73608928525802,6.58048174528279,1
0.846,0.381,0.062,0.429666666666667,0.155440333333333,0.394259220987073,0.864721,0.929903758461057,0.927834575773074,32.2207635824143,-4.19148824937419,7.19,-3.888,-0.266,1.012,31.905484,5.64849395856984,66.8834,8.17822719175739,8.17390017066517,1
0.846,0.347,0.062,0.418333333333333,0.157480333333333,0.396837918215149,0.839969,0.916498226948639,0.914398709535397,32.2207635824143,-4.19148824937419,17.505,-3.888,-2.555,3.68733333333333,143.640156333333,11.9849971353077,328.069594,18.1126915172759,17.9315802148054,1
0.866,0.266,0.094,0.408666666666667,0.164261333333333,0.405291664524862,0.829548,0.910795256904646,0.905931564744269,30.002910931188,-6.19491878258949,17.505,-3.4,-2.555,3.85,140.022775,11.8331219464687,324.51305,18.0142457516267,17.8321346170334,1
0.885,0.263,0.094,0.414,0.173521,0.416558519298309,0.86123,0.928024784151803,0.923251861628234,27.7484787006534,-6.06292186654707,11.981,-2.515,3.365,4.277,53.157312,7.29090611652626,161.192811,12.6961730848315,12.2421234269223,1
0.885,0.263,0.075,0.407666666666667,0.179721333333333,0.423935529689755,0.858019,0.926293150142006,0.923251861628234,27.7484787006534,-4.84400037508068,7.373,4.321,9.133,6.94233333333333,5.92794133333334,2.43473639914742,156.443859,12.507751956287,8.54588614480675,1
0.879,0.263,0.059,0.400333333333333,0.182245333333333,0.426902018422651,0.845291,0.91939708505085,0.917502043594454,28.4780316848426,-3.84003184528096,7.373,5.358,13.833,8.85466666666667,19.6029083333333,4.42751717482082,274.421182,16.5656627395344,9.11423573318136,1
0.873,0.257,0.05,0.393333333333333,0.183272333333333,0.428103180709199,0.830678,0.911415382797547,0.91004285613371,29.1908472002857,-3.27796412989541,9.295,10.821,14.81,11.642,8.109337,2.84768976540634,422.827166,20.5627616335939,14.2650294777123,1
0.873,0.256,0.039,0.389333333333333,0.187222333333333,0.432691961253423,0.829186,0.91059650779036,0.909760957614691,29.1908472002857,-2.55790455019218,14.209,12.561,14.81,13.86,1.355851,1.16441015110656,579.010502,24.0626370541551,18.9650837593721,1
0.876,0.233,0.031,0.38,0.194713,0.441262960149614,0.822626,0.906987320749304,0.906457390063096,28.8364528857404,-2.02674460925483,15.582,15.521,14.932,15.345,0.128857,0.35896657225987,706.664789,26.5831673996911,21.9931845124802,1
0.882,0.193,0.031,0.368666666666667,0.204194333333333,0.451878671031654,0.816134,0.903401350452832,0.902869315017406,28.1154286023471,-2.01296861233645,15.582,16.406,15.969,15.9856666666667,0.169952333333333,0.41225275418526,766.964521,27.6941243046246,22.6264349821177,1
0.896,0.145,0.04,0.360333333333333,0.217960333333333,0.466862220931758,0.825441,0.908537836306227,0.907656873493503,26.3628330790251,-2.55615007857828,14.361,22.54,15.969,17.6233333333333,18.7766243333333,4.33320024154589,969.298882,31.1335651989938,26.7262028915445,1
0.945,0.122,0.04,0.369,0.250513,0.500512737100666,0.909509,0.953681812765662,0.952842589308433,19.0910525128604,-2.42377134411356,9.509,24.157,13.314,15.66,57.768763,7.60057649129328,851.244326,29.1760916848025,25.961158102057,1
0.976,0.114,0.04,0.376666666666667,0.270769333333333,0.520355007022449,0.967172,0.983449032741402,0.982635232423507,12.5781186557826,-2.34687429248729,6.366,24.157,11.514,14.0123333333333,83.8111723333333,9.15484420038557,756.658801,27.5074317412586,24.9817254207951,1
0.976,0.112,0.043,0.377,0.270291,0.519895181743397,0.966969,0.983345819129771,0.98240521171256,12.5781186557826,-2.52267039346421,6.244,23.577,11.331,13.7173333333333,79.3791623333334,8.9094984333201,723.254026,26.8933825689518,24.389802479725,1
1.001,0.112,0.045,0.386,0.284791,0.533658130266934,1.01657,1.00825096082275,1.00724624595975,0,-2.57400129605846,6.244,23.577,8.004,12.6083333333333,91.0081363333334,9.53981846438041,658.926481,25.6695633192308,24.389802479725,1
1.005,0.112,0.045,0.387333333333333,0.287256333333333,0.535962996235126,1.024594,1.01222230759848,1.01122153853644,0,-2.563770211465,3.253,27.85,3.823,11.642,197.105673,14.0394327876877,800.819838,28.2987603615423,28.039338597763,1
1.087,0.127,0.048,0.420666666666667,0.334560333333333,0.578411906285939,1.200002,1.09544602788088,1.09439389618181,0,-2.52843783166337,3.253,27.85,3.823,11.642,197.105673,14.0394327876877,800.819838,28.2987603615423,28.039338597763,1
1.176,0.159,0.07,0.468333333333333,0.377574333333333,0.614470775003444,1.413157,1.18876280224442,1.18670004634701,0,-3.40644375499472,12.896,22.357,5.776,13.6763333333333,69.1890803333333,8.3179973751699,699.504441,26.4481462677444,25.8097319823357,1
1.228,0.416,0.201,0.615,0.293383,0.541648409948742,1.721441,1.31203696594265,1.29654926632196,0,-9.29578718363672,24.646,22.357,5.776,17.593,106.040997,10.2976209388383,1140.622941,33.7731097324484,33.2755280198527,1
1.277,0.694,0.414,0.795,0.193843,0.440276049768779,2.283761,1.51121176543858,1.45339774322104,0,-17.9625561624799,58.49,25.408,-16.624,22.4246666666667,1417.20345733333,37.6457628071651,4343.00394,65.9014714554994,63.7702639480189,1
1.277,0.694,0.414,0.795,0.193843,0.440276049768779,2.283761,1.51121176543858,1.45339774322104,0,-17.9625561624799,60.199,25.408,-16.624,22.9943333333333,1479.81267233333,38.4683333708823,4545.843441,67.4228703111934,65.3413044329542,1
1.205,0.557,0.094,0.618666666666667,0.311432333333333,0.558061227226308,1.77111,1.33083056772829,1.32750668548222,0,-4.46051307591041,60.199,-7.795,9.561,20.655,1248.103636,35.328510243145,3776.094347,61.4499336614776,60.7015784473518,1
0.738,0.399,0.094,0.410333333333333,0.103780333333333,0.322149551192196,0.712681,0.844204359145343,0.838954706763124,42.4386762066361,-7.25875083647761,50.036,-7.795,44.564,28.935,1019.305371,31.9265621544193,4550.313417,67.4560109775252,50.6395430567852,1
0.738,0.315,0.262,0.438333333333333,0.0680523333333333,0.260868421495077,0.712513,0.844104851306993,0.802414481424656,42.4386762066361,-19.5455517982297,47.686,33.923,44.564,42.0576666666667,52.0663223333333,7.21569971197065,5410.674621,73.5572880209704,58.5211459645144,1
0.751,0.315,0.499,0.521666666666667,0.0479093333333333,0.218882007788062,0.912227,0.955105753306931,0.814386885945495,41.322924623799,-33.6019473562825,37.555,65.356,11.422,38.111,727.450941,26.9712984670742,5812.246845,76.238093135912,75.3776144554867,1
0.842,0.354,0.499,0.565,0.062803,0.250605267302984,1.083281,1.0408078593093,0.913389292689596,32.6480787911503,-30.6525331754751,10.791,65.356,-12.992,21.0516666666667,1613.56323633333,40.169182669471,4556.644481,67.5029220182356,66.2408666685453,1
0.882,0.535,0.381,0.599333333333333,0.0658543333333333,0.256620991606948,1.20931,1.09968631891099,1.03157597878198,28.1154286023471,-23.3630305937558,10.791,31.115,-12.992,9.638,487.353919,22.0760938347344,1253.38097,35.4031209076262,32.933097424931,1
0.882,0.535,0.252,0.556333333333333,0.0995663333333333,0.315541333795326,1.127653,1.06191007152207,1.03157597878198,28.1154286023471,-15.9453959009229,34.32,3.741,-1.365,12.232,372.427617,19.2983837924319,1193.720706,34.5502634722226,34.5232889655664,1
0.726,0.445,0.252,0.474333333333333,0.0568143333333333,0.238357574524774,0.788605,0.888034346182624,0.851528625473037,43.4479002696954,-19.1422681914663,73.535,3.741,21.188,32.8213333333333,1319.30144233333,36.3221893934456,5870.32265,76.6180308413104,73.6300978269077,1
0.726,0.273,0.368,0.455666666666667,0.0570663333333333,0.238885607212601,0.737029,0.858503931266479,0.77563200037131,43.4479002696954,-26.8798599844671,73.535,37.402,29.672,46.8696666666667,548.218226333333,23.4140604409687,7686.733413,87.6740178901366,82.5003383568819,1
0.785,0.265,0.386,0.478666666666667,0.0740403333333333,0.27210353421691,0.835446,0.914027351888334,0.828522781823168,38.2793217379277,-26.1842566132682,70.758,60.839,29.672,53.7563333333333,459.637974333333,21.4391691614515,9588.506069,97.9209174231941,93.3170857078166,1
0.864,0.26,0.386,0.503333333333333,0.101529333333333,0.318636679202714,0.963092,0.981372508276037,0.902272686054499,30.2312862551218,-24.07314592189,70.758,60.839,22.958,51.5183333333333,636.366120333333,25.2262981892574,9235.148249,96.0996787143433,93.3170857078166,1
0.864,0.241,0.37,0.491666666666667,0.108134333333333,0.328837852646762,0.941477,0.970297377096321,0.896982162587417,30.2312862551218,-23.1825816346255,80.371,40.515,22.225,47.7036666666667,883.997025333333,29.7320874701615,8594.913491,92.7087562800839,90.0053490965954,1
0.805,0.211,0.37,0.462,0.094557,0.307501219509777,0.829446,0.910739260161766,0.832193487117029,36.3897446775335,-24.6848043732679,85.376,40.515,18.868,48.253,1150.735999,33.9224998931388,9286.528025,96.3666333592702,94.5014634860223,1
0.759,0.187,0.382,0.442666666666667,0.0845563333333333,0.290785717209999,0.756974,0.870042527696204,0.781696872195354,40.6238807663098,-26.715829196162,85.376,40.82,18.868,48.3546666666667,1148.40691733333,33.8881530528492,9311.3352,96.4952599872139,94.6326253255187,1
0.759,0.187,0.382,0.442666666666667,0.0845563333333333,0.290785717209999,0.756974,0.870042527696204,0.781696872195354,40.6238807663098,-26.715829196162,76.922,45.642,12.704,45.0893333333333,1031.21696133333,32.1125670312003,8161.577864,90.3414515269707,89.4437602519035,1
0.833,0.229,0.39,0.484,0.097831,0.312779475029932,0.89843,0.947855474215347,0.863903929844054,33.5918447284674,-25.0883955631982,76.922,48.937,12.704,46.1876666666667,1036.65700633333,32.1971583580498,8473.215669,92.0500715317484,91.1692056179059,1
0.902,0.229,0.397,0.509333333333333,0.122696333333333,0.350280363899168,1.023654,1.01175787617394,0.93061538779455,25.5777835422144,-23.755880321073,85.406,48.937,17.495,50.6126666666667,1155.08187433333,33.9864954700148,9995.08983,99.9754461355387,98.4327933414469,1
0.902,0.17,0.435,0.502333333333333,0.137356333333333,0.370616153632479,1.031729,1.01574061649616,0.917880166470547,25.5777835422144,-25.7462302200556,85.406,42.712,18.441,48.853,1149.361717,33.9022376400143,9458.570261,97.2551811524713,95.4908361048326,1
0.867,0.104,0.435,0.468666666666667,0.146392333333333,0.382612510685855,0.95173,0.97556650208994,0.873215322815627,29.8881302675233,-26.6442984011123,83.758,41.217,18.441,47.8053333333333,1099.13222433333,33.153163112037,9054.314134,95.1541598355006,93.3501132993421,1
0.867,0.104,0.408,0.459666666666667,0.147544333333333,0.384115000141017,0.928969,0.963830379268054,0.873215322815627,29.8881302675233,-25.2011236454751,74.145,37.615,10.69,40.8166666666667,1014.32225833333,31.8484263085844,7026.64535,83.8250878317464,83.1406594272622,1
0.867,0.1,0.402,0.456333333333333,0.149286333333333,0.386375896418673,0.923293,0.960881366246635,0.872747959035139,29.8881302675233,-24.8756373384105,74.145,27.484,6.417,36.0153333333333,1201.35823233333,34.6606150022375,6294.02917,79.3349177222741,79.0749725324012,1
0.833,0.077,0.402,0.437333333333333,0.143820333333333,0.379236513713188,0.861422,0.928128223900125,0.83655125365993,33.5918447284674,-25.7616330426139,74.267,27.484,6.417,36.056,1206.015013,34.7277268619759,6312.135434,79.4489486022314,79.1893777283292,1
0.816,0.018,0.433,0.422333333333333,0.159286333333333,0.399106919676086,0.853669,0.923942097752884,0.816198505266948,35.3136400482688,-27.9520871688586,74.267,34.564,6.417,38.416,1162.034053,34.0886205793077,6751.435274,82.1671179608972,81.9161607071523,1
0.816,0.018,0.511,0.448333333333333,0.162146333333333,0.402673978962303,0.927301,0.962964693018389,0.816198505266948,35.3136400482688,-32.055847384851,65.661,34.594,8.798,36.351,810.665479,28.4721878154806,5585.516561,74.7363135363258,74.2166541754612,1
0.826,0.043,0.559,0.476,0.158439,0.398043967420686,0.996606,0.998301557646786,0.827118492115852,34.3099926879031,-34.0883910552772,65.6,34.594,8.798,36.3306666666667,808.878809333333,28.4407948083968,5577.50964,74.6827265169129,74.1626916717563,1
0.826,0.113,0.559,0.499333333333333,0.129762333333333,0.360225392404996,1.007526,1.0037559464332,0.833693588796268,34.3099926879031,-34.0883910552772,61.358,26.782,9.377,32.5056666666667,700.076360333333,26.4589561459505,4570.007817,67.6018329411267,66.9483359613964,1
0.341,0.113,0.628,0.360666666666667,0.0665963333333333,0.25806265389113,0.523434,0.723487387588754,0.359235298933721,70.0621888201623,-61.4983215582228,-158.49,26.782,29.855,-33.951,11634.832723,107.864881787355,26727.676649,163.486013618903,160.736914316532,1
0.341,0.113,0.961,0.471666666666667,0.192581333333333,0.43884089751678,1.052571,1.02594882913331,0.359235298933721,70.0621888201623,-70.4633450618716,-158.49,26.782,29.855,-33.951,11634.832723,107.864881787355,26727.676649,163.486013618903,160.736914316532,1
0.912,0.321,0.961,0.731333333333333,0.126880333333333,0.356202657673035,1.858306,1.36319697769618,0.966842800045592,24.2167834132925,-46.4985867413279,-80.457,62.06,-103.355,-40.584,8032.922653,89.6265733641536,21007.028474,144.938015972346,101.610887453068,1
0.912,0.321,0.28,0.504333333333333,0.125064333333333,0.353644359962567,1.013185,1.00657091156063,0.966842800045592,24.2167834132925,-17.0674048184644,-80.457,62.06,-103.355,-40.584,8032.922653,89.6265733641536,21007.028474,144.938015972346,101.610887453068,1
0.912,0.321,0.256,0.496333333333333,0.130640333333333,0.361442019324446,1.000321,1.00016048712194,0.966842800045592,24.2167834132925,-15.6795241224193,-111.035,59.588,-39.664,-30.3703333333333,7342.83121233333,85.6903215791219,17452.733865,132.108795562597,126.013891968306,1
0.518,-0.019,-0.196,0.101,0.138249,0.371818504111885,0.307101,0.554166942355821,0.5183483384752,58.8018091804432,20.7255588655605,-125.837,59.588,65.499,-0.25,11837.805907,108.80168154491,23675.799314,153.869422933863,139.232468601975,1
-0.057,-0.476,-0.223,-0.252,0.044521,0.211,0.279554,0.528728663872123,0.479400667500578,93.2676304857208,104.338115171612,-135.45,64.593,70.992,0.0450000000000064,13779.408069,117.385723446252,27558.822213,166.008500423924,150.063180524071,1
-0.309,-0.591,-0.375,-0.425,0.021756,0.147499152539938,0.585387,0.765105875026457,0.666904790806004,107.998976187938,129.488522583979,-142.682,64.593,70.992,-2.36566666666667,14776.7418503333,121.559622615132,29570.272837,171.960090826331,156.621865564805,1
-0.345,-0.591,-0.375,-0.437,0.018012,0.134208792558461,0.608931,0.780340310377466,0.684328868308213,110.181795766877,132.614055969611,-147.992,-29.371,31.411,-48.6506666666667,8325.13826233333,91.2421956242469,23750.938626,154.113395349009,150.878387136793,1
-0.345,-0.581,-0.093,-0.339666666666667,0.0595573333333333,0.244043711931558,0.465235,0.682081373444547,0.67571147688936,110.181795766877,164.913645991535,-192.914,-31.934,31.411,-64.479,13374.809175,115.649510050843,39222.242673,198.046061998213,195.53923328069,1
0.05,-0.549,0.263,-0.0786666666666667,0.177252333333333,0.421013459800674,0.37307,0.610794564481381,0.551272165087264,87.1340160174011,-79.2357251193955,-214.124,-37.122,49.63,-67.2053333333333,18070.2983373333,134.425809788646,49690.26716,222.913138150267,217.318039426091,1
0.601,0.187,0.471,0.419666666666667,0.0448253333333333,0.211719940802309,0.618011,0.786136756550665,0.629420368275448,53.058449007818,-38.0855805598558,-214.124,-37.122,84.298,-55.6493333333333,22521.3690813333,150.071213366632,54333.283064,233.095008663849,217.318039426091,1
0.927,0.692,0.888,0.835666666666667,0.0158603333333333,0.125937815342864,2.126737,1.45833363809521,1.1568029218497,22.028103351376,-43.7690404470966,-190.747,-37.122,84.298,-47.857,18998.868175,137.836381898975,44868.613697,211.822127496161,194.325656805786,1
2.378,3.791,0.888,2.35233333333333,2.10734633333333,1.45167018751965,20.815109,4.5623578334015,4.47510502670049,0,-20.4767906876256,-190.747,71.032,-127.463,-82.3926666666667,18655.5624203333,136.585366786978,57676.779402,240.159903818269,203.543516312851,1
2.378,3.791,0.246,2.13833333333333,3.18483633333333,1.78461097534822,20.087081,4.48186133208068,4.47510502670049,0,-5.9061411137705,-139.173,71.032,-127.463,-65.2013333333333,13953.9218583333,118.126719493658,40661.485322,201.646932339671,156.251940637549,1
0.88,0.217,0.246,0.447666666666667,0.140394333333333,0.374692318220341,0.882005,0.939151212531827,0.90636030363206,28.357636576328,-15.6180934447649,-139.173,-43.134,-34.049,-72.1186666666667,3392.84702033333,58.2481503597611,22389.000286,149.629543493255,145.704035239248,1
0.88,0.217,0.411,0.502666666666667,0.116194333333333,0.340872899088991,0.99041,0.99519344853149,0.90636030363206,28.357636576328,-25.0347126538374,-67.121,-43.866,-32.584,-47.857,310.147153,17.6109952302532,7491.171653,86.5515548849355,80.1838799073729,1
0.88,0.324,0.411,0.538333333333333,0.0894443333333333,0.299072454989311,1.048297,1.02386376046816,0.937750499866569,28.357636576328,-25.0347126538374,-59.278,-43.866,-32.584,-45.2426666666667,179.563817333333,13.4001424370539,6499.824296,80.6214878056713,73.7435233766329,1
0.992,0.407,0.327,0.575333333333333,0.131808333333333,0.363054174102617,1.256642,1.12100044603024,1.07224670668648,7.25224686505943,-18.2441370625147,-35.23,-43.866,-17.814,-32.3033333333333,176.100709333333,13.2702942444142,3482.717452,59.014552883166,56.2616997254793,1
1.08,0.407,0.156,0.547666666666667,0.228284333333333,0.477791098005534,1.356385,1.16463942917969,1.15414427174422,0,-8.21920924889906,-35.169,-1.109,0.057,-12.0736666666667,400.385705333333,20.0096403099439,1238.091691,35.1865271233181,35.1864809550486,1
1.08,0.375,0.156,0.537,0.233127,0.482832269012749,1.331361,1.15384617692308,1.14325194073747,0,-8.21920924889906,37.249,-1.109,0.057,12.0656666666667,475.990097333333,21.8171972840998,1388.721131,37.2655488487692,37.2655052562017,1
0.938,0.032,0.156,0.375333333333333,0.241289333333333,0.491212106256893,0.905204,0.951422093500041,0.938545683491219,20.2816498129502,-9.44251039017307,37.249,-1.109,0.057,12.0656666666667,475.990097333333,21.8171972840998,1388.721131,37.2655488487692,37.2655052562017,1
0.936,0.032,-0.08,0.296,0.310336,0.557078091473718,0.88352,0.939957445845289,0.93654684880149,20.6096929375321,4.8852025681173,-43.653,-0.919,0.064,-14.836,623.056189,24.961093505694,1906.433066,43.6627194068349,43.6626725018064,1
0.911,0.116,-0.111,0.305333333333333,0.288006333333333,0.53666221530245,0.855698,0.925039458617847,0.918355595616426,24.3560880361822,6.94691137739141,-43.653,-0.867,0.257,-14.7543333333333,626.665545333333,25.0332887438573,1906.402147,43.6623653390423,43.6616089717271,1
0.91,0.242,-0.111,0.347,0.268879,0.518535437554657,0.898985,0.948148195167823,0.941628376802654,24.4946484714197,6.95447062754272,-41.944,0.888,0.257,-13.5996666666667,602.650464333333,24.548940187579,1760.153729,41.9541860724291,41.9533989087893,1
0.91,0.242,-0.111,0.347,0.268879,0.518535437554657,0.898985,0.948148195167823,0.941628376802654,24.4946484714197,6.95447062754272,-29.737,0.922,0.2,-9.53833333333333,306.119922333333,17.496283100514,885.179253,29.7519621705863,29.7512899384212,1
0.95,0.172,-0.044,0.359333333333333,0.273329333333333,0.522809079237663,0.93402,0.966447101501164,0.965444975128049,18.1948723387668,2.65180417047698,-22.535,28.971,0.164,2.2,666.325981,25.8132907820758,1347.171962,36.7038412431179,36.7034748491202,1
0.95,0.154,0.005,0.369666666666667,0.258140333333333,0.508075125678608,0.926241,0.962414152015649,0.96240116375657,18.1948723387668,-0.301553949868279,-22.535,28.971,0.159,2.19833333333333,666.336169333333,25.8134881279794,1347.170347,36.7038192426892,36.7034748491202,1
0.949,0.145,0.028,0.374,0.251391,0.501389070483193,0.92241,0.96042178234357,0.960013541571159,18.377480657165,-1.69000689602365,-22.962,28.971,0.159,2.056,676.958079,26.0184180725885,1366.597566,36.9675204199578,36.9671784830814,1
0.949,0.129,0.109,0.395666666666667,0.229733333333333,0.479305052480498,0.929123,0.963910265533053,0.95772751866071,18.377480657165,-6.55215204422085,-27.204,14.208,0.159,-4.279,443.510319,21.0596846842492,941.950161,30.6912065745223,30.6907947111182,1
1.039,0.129,0.124,0.430666666666667,0.277558333333333,0.526838052282989,1.111538,1.05429502512342,1.04697755467823,0,-6.80580418970041,-37.793,10.516,0.29,-8.99566666666667,648.107574333333,25.4579569944906,1538.981205,39.2298509428726,39.2287790403933,1
1.039,0.154,0.162,0.451666666666667,0.258736333333333,0.508661314956557,1.129481,1.06277043617142,1.05035089374932,0,-8.86215384918931,-37.793,10.516,0.29,-8.99566666666667,648.107574333333,25.4579569944906,1538.981205,39.2298509428726,39.2287790403933,1
0.875,0.359,0.343,0.525666666666667,0.0915893333333333,0.302637296666048,1.012155,1.00605914339069,0.945783273271419,28.9550243718598,-21.4051794301185,0.72,10.516,-1.426,3.27,40.529716,6.36629531203195,113.138132,10.6366410111463,10.5406193366424,1
0.875,0.359,0.343,0.525666666666667,0.0915893333333333,0.302637296666048,1.012155,1.00605914339069,0.945783273271419,28.9550243718598,-21.4051794301185,0.72,13.385,-1.426,4.22633333333333,64.0622103333333,8.00388720143739,181.710101,13.479988909491,13.4043509727252,1
0.88,0.359,0.343,0.527333333333333,0.0933443333333333,0.30552304877592,1.02093,1.01041080754315,0.950410963741475,28.357636576328,-21.2944801113589,0.842,13.385,0.309,4.84533333333333,54.7654523333333,7.40036839173114,179.96267,13.415016585901,13.4114573779288,1
0.88,0.307,0.347,0.511333333333333,0.102336333333333,0.319900505365861,0.989058,0.994513951636678,0.932013411920665,28.357636576328,-21.5202192649457,0.842,-10.879,0.309,-3.24266666666667,43.8062123333333,6.61862616660991,119.157086,10.9159097651089,10.9115354098312,1
0.898,0.3,0.347,0.515,0.110569,0.332519172379579,1.016813,1.00837145933431,0.946786142695382,26.103591118376,-21.127242577817,0.842,-14.875,0.259,-4.59133333333333,79.4003223333333,8.91068585089461,222.04167,14.9010627137798,14.8988116640221,1
0.904,0.028,0.347,0.426333333333333,0.196564333333333,0.44335576384359,0.938409,0.968715128404631,0.904433524367601,25.311065155487,-20.9992770268249,2.704,-14.875,0.078,-4.031,89.918221,9.48252186920758,228.583325,15.1189723526435,15.1187711471535,1
1.044,0.028,0.304,0.458666666666667,0.276005333333333,0.525362097351278,1.183136,1.08772055234789,1.0443754114302,0,-16.234912282271,2.704,-3.492,0.078,-0.236666666666667,9.67186533333333,3.10996227201124,19.511764,4.41721224303293,4.41652351969284,1
1.044,0.028,0.304,0.458666666666667,0.276005333333333,0.525362097351278,1.183136,1.08772055234789,1.0443754114302,0,-16.234912282271,0,-3.492,0,-1.164,4.064688,2.01610714001017,12.194064,3.492,3.492,1
0.965,0.227,0.076,0.422666666666667,0.226294333333333,0.475704039643698,0.98853,0.9942484598932,0.991339497851266,15.203604093293,-4.50311875092283,-6.787,0.842,-0.175,-2.04,17.159079,4.14235186820241,46.802958,6.84126874198054,6.83903012129644,1
0.965,0.236,0.076,0.425666666666667,0.224560333333333,0.47387797304088,0.992697,0.99634180881864,0.993438976485219,15.203604093293,-4.50311875092283,-6.787,0.842,-0.175,-2.04,17.159079,4.14235186820241,46.802958,6.84126874198054,6.83903012129644,1
0.965,0.238,0.068,0.423666666666667,0.227006333333333,0.476451816381608,0.992493,0.996239429053077,0.993915992425919,15.203604093293,-4.03076003332024,-3.675,0.842,0.192,-0.880333333333333,5.96324633333333,2.44197590760706,14.251453,3.7751096672812,3.77022399865048,1
0.962,0.238,0.068,0.422666666666667,0.225385333333333,0.474747652267321,0.986712,0.993333780760526,0.991003531779781,15.8458075497508,-4.0432883453639,-2.362,1.513,0.192,-0.219,3.880597,1.96992309494559,7.905077,2.8115968772212,2.80503351138627,1
0.962,0.22,0.067,0.416333333333333,0.229166333333333,0.478713205722731,0.978333,0.989107173161736,0.986835345941763,15.8458075497508,-3.98402111930731,-0.837,1.513,-0.114,0.187333333333333,1.44872633333333,1.20363048039393,3.002734,1.73283986565407,1.72908588566329,1
0.961,0.219,0.068,0.416,0.228469,0.477984309365904,0.976106,0.987980769043608,0.985637864532405,16.0543080742742,-4.04748174525577,-0.837,1.513,-0.114,0.187333333333333,1.44872633333333,1.20363048039393,3.002734,1.73283986565407,1.72908588566329,1
0.96,0.219,0.07,0.416333333333333,0.227230333333333,0.476686829410393,0.974461,0.98714791191594,0.984662886474351,16.260204708312,-4.17043652484211,-1.447,1.513,0.07,0.0453333333333334,2.19085633333333,1.48015415863799,4.387878,2.09472623509613,2.09355630447332,1
0.959,0.219,0.091,0.423,0.219568,0.468580836142495,0.975923,0.987888151563728,0.983687958653556,16.4635952022703,-5.42059528376237,-1.538,2.49,0.07,0.340666666666667,4.11114133333333,2.0275949628398,8.570444,2.92753206643411,2.92669506440285,1
0.959,0.234,0.091,0.428,0.216583,0.465384787031119,0.982718,0.991321340434069,0.987135755608113,16.4635952022703,-5.42059528376237,-1.538,2.49,-0.541,0.137,4.400959,2.09784627654173,8.858225,2.97627703683646,2.92669506440285,1
0.959,0.236,0.09,0.428333333333333,0.216534333333333,0.465332497611475,0.983477,0.991704088929757,0.987611765827038,16.4635952022703,-5.36137731813141,-0.898,1.757,-0.541,0.106,2.076213,1.44090700602086,4.186134,2.04600439882225,1.97318346840835,1
0.959,0.236,0.087,0.427333333333333,0.217552333333333,0.466425056502471,0.982946,0.991436331793424,0.987611765827038,16.4635952022703,-5.18365497414365,0.171,-0.409,0.1,-0.046,0.100087,0.316365295188964,0.206522,0.454446916592026,0.44330801932742,1
0.959,0.236,0.086,0.427,0.217893,0.466790102722841,0.982773,0.991349080798484,0.987611765827038,16.4635952022703,-5.12439178853543,0.171,-0.409,0.1,-0.046,0.100087,0.316365295188964,0.206522,0.454446916592026,0.44330801932742,1
0.955,0.236,0.085,0.425333333333333,0.216110333333333,0.464876686158097,0.974946,0.987393538565045,0.983728112844194,17.2538531173573,-5.08622170963463,0.384,0.14,0.175,0.233,0.017407,0.131935590346199,0.197681,0.444613315140246,0.408724846320847,1
0.955,0.243,0.085,0.427666666666667,0.214801333333333,0.463466647487533,0.978299,0.989089985795024,0.985430870228856,17.2538531173573,-5.08622170963463,1.666,0.659,0.955,1.09333333333333,0.267864333333333,0.51755611612011,4.121862,2.03023693198602,1.79160179727528,1
0.964,0.243,0.085,0.430666666666667,0.219574333333333,0.468587594088163,0.99557,0.997782541438765,0.994155420444912,15.4205707929902,-5.03898185664674,1.666,16.619,0.955,6.41333333333333,78.2431043333333,8.8455132317652,279.878742,16.7295768625509,16.7022967582306,1
0.964,0.091,0.201,0.418666666666667,0.226066333333333,0.475464334449318,0.977978,0.988927702109714,0.968285598364449,15.4205707929902,-11.7777824540767,-4.01,16.619,9.438,7.349,109.661851,10.4719554525408,381.347105,19.5281106356964,17.0959428227869,1
0.932,0.091,0.201,0.408,0.208957,0.457118146653576,0.917306,0.957760930504059,0.936432058400395,21.2512439756827,-12.1703063725602,-15.424,14.422,9.438,2.812,255.623836,15.9882405536069,534.969704,23.1294120980193,21.1161989950843,1
0.914,0.144,0.177,0.411666666666667,0.189526333333333,0.435346222371727,0.887461,0.942051484792631,0.925274013468443,23.9358893976888,-10.9599099470431,-15.424,14.422,6.265,1.75433333333333,237.955514333333,15.4258067644235,485.144085,22.025986584033,21.1161989950843,1
0.91,0.173,0.177,0.42,0.180079,0.424357160891624,0.889358,0.943057792502665,0.926298547985475,24.4946484714197,-11.0069112908475,-12.983,14.483,2.053,1.18433333333333,189.161225333333,13.7535895435822,382.530387,19.5583840590167,19.4503361924672,1
0.91,0.173,0.179,0.420666666666667,0.179594333333333,0.423785716292248,0.89007,0.943435212401996,0.926298547985475,24.4946484714197,-11.1281955718356,-6.604,15.277,-2.585,2.02933333333333,135.663594333333,11.6474715854272,283.68177,16.8428551617592,16.6433033079374,1
0.91,0.158,0.186,0.418,0.181744,0.426314437944576,0.88766,0.94215709942663,0.923614638255588,24.4946484714197,-11.5518895640622,0.811,15.277,-2.585,4.501,89.974836,9.48550662853598,240.726675,15.5153689933562,15.2985113654891,1
0.971,0.158,0.191,0.44,0.211743,0.46015540853064,1.004286,1.00214070868317,0.983770806641466,13.8322171834636,-11.1282579992075,0.811,15.277,0.254,5.44733333333333,72.5443223333334,8.51729548233084,234.108966,15.3006197913679,15.2985113654891,1
0.992,0.317,0.523,0.610666666666667,0.119670333333333,0.345934001412601,1.358082,1.16536775311487,1.04141874382978,7.25224686505943,-27.7989936324528,-6.238,-0.122,0.713,-1.88233333333333,14.4031803333333,3.79515221477787,39.435897,6.27980071339848,6.23919289652115,1
0.992,0.681,0.523,0.732,0.056941,0.238623133832409,1.721354,1.31200381097007,1.20325599936173,7.25224686505943,-27.7989936324528,-6.238,-0.122,0.713,-1.88233333333333,14.4031803333333,3.79515221477787,39.435897,6.27980071339848,6.23919289652115,1
0.992,0.681,-0.51,0.387666666666667,0.628534333333333,0.792801572484145,1.707925,1.30687604614975,1.20325599936173,7.25224686505943,27.2082806991084,46.435,0.626,0.713,15.9246666666667,698.162222333333,26.4227595518207,2157.10947,46.4446925923727,46.4392194271179,1
1.016,0.496,-0.51,0.334,0.601852,0.775791209024696,1.538372,1.24031125125913,1.13060691666025,0,26.6552096856902,46.435,0.991,7.302,18.2426666666667,606.062924333333,24.6183452801632,2210.51051,47.0160665092264,46.4455735888793,1
0.971,-0.279,-0.365,0.109,0.559132,0.747751295552204,1.153907,1.07420063302904,1.01028807772833,13.8322171834636,20.6012974336417,-44.416,46.221,16.427,6.07733333333333,2134.10314233333,46.1963542104064,4379.008226,66.1740751805418,64.1027448476272,1
0.971,-0.523,-0.365,0.0276666666666667,0.673649333333333,0.820761435091424,1.349595,1.16172070653837,1.10289165379016,13.8322171834636,20.6012974336417,-98.554,46.221,16.427,-11.9686666666667,5844.68557033333,76.4505432965217,12119.118086,110.086866092191,108.854360303113,1
0.942,-0.778,-0.2,-0.012,0.766108,0.875275956484582,1.532648,1.23800161550783,1.22173974315318,19.6098106888681,11.9867146849584,-161.695,0.387,16.427,-48.2936666666667,9709.21720133333,98.5353601573229,26415.269123,162.527748778478,161.695463121264,1
0.942,-0.778,0.247,0.137,0.748675,0.865260076508792,1.553657,1.24645778107403,1.22173974315318,19.6098106888681,-14.6926545630477,-161.695,0.387,0.315,-53.6643333333333,8752.97000133333,93.5573086473383,26145.522019,161.695769947763,161.695463121264,1
0.544,-0.179,0.247,0.204,0.132069,0.363412988210383,0.388986,0.623687421710587,0.572692762308028,57.0436464089686,-24.4201443733457,46.557,0.387,0.223,15.7223333333333,713.089225333334,26.7037305508675,2167.753747,46.5591424641821,46.558608419926,1
0.544,-0.179,-0.129,0.0786666666666667,0.163026333333333,0.403765195792472,0.344618,0.587041736165326,0.572692762308028,57.0436464089686,13.340276906943,12016.462,-0.101,0.223,4005.528,48131297.690511,6937.6723539319,144395359.057374,12016.4620024937,12016.4620004245,1
0.544,-0.179,-0.129,0.0786666666666667,0.163026333333333,0.403765195792472,0.344618,0.587041736165326,0.572692762308028,57.0436464089686,13.340276906943,12016.462,-0.702,0.223,4005.32766666667,48133705.1939403,6937.84586121228,144395359.539977,12016.4620225746,12016.4620205054,1
0.544,-0.179,-0.129,0.0786666666666667,0.163026333333333,0.403765195792472,0.344618,0.587041736165326,0.572692762308028,57.0436464089686,13.340276906943,-181.012,-73.102,0.467,-84.549,8331.932217,91.2794183647113,38109.464637,195.216455856057,195.215897272737,1
2.016,1.481,0.161,1.21933333333333,0.911608333333333,0.954781824991099,6.283538,2.50669862568279,2.50152293613311,0,-4.56601403120236,-181.012,-73.102,91.5,-54.2046666666667,18833.5294413333,137.235306832219,46481.496548,215.595678407523,195.215897272737,1
2.016,1.481,0.328,1.275,0.744163,0.862648827739307,6.365201,2.52293499718086,2.50152293613311,0,-9.24096163710702,-154.065,72.985,91.5,3.47333333333333,18699.4461583333,136.745918251088,37435.08445,193.481483480978,170.478252132053,1
2.016,1.481,0.328,1.275,0.744163,0.862648827739307,6.365201,2.52293499718086,2.50152293613311,0,-9.24096163710702,-45.911,72.985,0.291,9.12166666666667,3592.55020933333,59.9378862601388,7434.714827,86.2247924149429,86.2243013656823,1
1.259,1.402,0.047,0.902666666666667,0.554236333333333,0.744470505348152,3.552894,1.88491219954671,1.88432613949921,0,-2.13792829380153,-45.911,0.715,0.064,-15.044,714.684717,26.7335878063533,2108.335242,45.9166118305783,45.9165672279625,1
0.873,0.41,0.046,0.443,0.171799,0.414486429210897,0.932345,0.965580136498261,0.964483799760266,29.1908472002857,-3.01623220925423,-106.275,-21.142,0.064,-42.451,3167.550841,56.2809989339209,11741.363885,108.357574193039,108.357555292651,1
0.873,0.386,0.046,0.435,0.172783,0.41567174549156,0.913241,0.955636437145424,0.954528679506279,29.1908472002857,-3.01623220925423,-133.71,-44.782,0.064,-59.476,4635.805996,68.0867534546919,19883.79572,141.009913552204,141.009899028402,1
0.873,0.386,-0.034,0.408333333333333,0.206036333333333,0.453912252900639,0.912281,0.955134022009477,0.954528679506279,29.1908472002857,2.23032355000489,-133.71,-44.782,14.932,-54.52,5594.732524,74.797944650906,20106.756248,141.798294235156,141.009899028402,1
1.342,0.293,-0.034,0.533666666666667,0.516784333333333,0.718877133683729,1.887969,1.37403384237798,1.37361311874924,0,1.45129646700768,-75.757,-37.244,14.932,-32.6896666666667,2071.68014433333,45.5157131585712,7349.203209,85.7274938919831,84.4170515061975,1
1.342,0.267,0.029,0.546,0.489373,0.699551999496821,1.873094,1.36861024400667,1.36830296352818,0,-1.23794265388091,-62.421,0.746,0.726,-20.3163333333333,1329.60231633333,36.4637123224355,3897.464833,62.4296791037724,62.4254576034489,1
1.243,0.267,0.125,0.545,0.370444,0.608641109357559,1.631963,1.27748307229489,1.27135282278367,0,-5.74253821237283,-51.679,0.746,0.726,-16.7356666666667,915.777508333333,30.2618160118215,2671.802633,51.6894828084012,51.684384072948,1
1.005,0.263,0.144,0.470666666666667,0.217674333333333,0.466555820168748,1.09993,1.04877547644861,1.03884262523252,0,-8.15404542819607,-25.983,-10.328,0.726,-11.8616666666667,180.106770333333,13.4203863704937,782.310949,27.9698221124125,27.9603982983076,1
0.863,0.206,0.147,0.405333333333333,0.157964333333333,0.397447271135849,0.808814,0.899340869748506,0.887245738225887,30.3448899102911,-9.6667569856756,-2.881,-10.328,5.807,-2.46733333333333,65.2128963333333,8.07545022480687,148.688994,12.1938096590032,10.7223012921667,1
0.863,0.206,0.147,0.405333333333333,0.157964333333333,0.397447271135849,0.808814,0.899340869748506,0.887245738225887,30.3448899102911,-9.6667569856756,-2.881,2.337,5.807,1.75433333333333,19.1249613333333,4.37320950027932,47.482979,6.89078943227842,3.70968057924129,1
0.863,0.206,0.147,0.405333333333333,0.157964333333333,0.397447271135849,0.808814,0.899340869748506,0.887245738225887,30.3448899102911,-9.6667569856756,3.711,2.337,5.807,3.95166666666667,3.05366533333333,1.74747398645397,52.954339,7.27697320319376,4.38555469695682,1
0.959,0.162,0.12,0.413666666666667,0.223482333333333,0.472739181085441,0.960325,0.979961733946791,0.972586757055637,16.4635952022703,-7.13236950331639,18.786,-0.409,8.279,8.88533333333333,92.3877363333334,9.61185394881411,421.622918,20.5334585007008,18.7904517508228,1
0.959,0.162,0.12,0.413666666666667,0.223482333333333,0.472739181085441,0.960325,0.979961733946791,0.972586757055637,16.4635952022703,-7.13236950331639,18.786,-1.355,8.279,8.57,101.478481,10.0736528131557,423.291662,20.5740531252352,18.8348034499965,1
0.957,0.243,0.142,0.447333333333333,0.197370333333333,0.444263810515029,0.995062,0.99752794447073,0.987369231847945,16.8632195997888,-8.43998733750153,-8.802,-7.367,0.303,-5.28866666666667,23.9648583333333,4.8953915403503,131.839702,11.4821470988661,11.4781485005205,1
0.947,0.248,0.143,0.446,0.191007,0.437043476098202,0.978762,0.989324011636228,0.978934624987798,18.7375417673679,-8.58696982604448,-8.802,-7.367,-13.602,-9.92366666666667,10.6624083333333,3.26533433714426,316.762297,17.7978171976229,11.4781485005205,1
0.942,0.298,0.143,0.461,0.179527,0.423706266179768,0.996617,0.99830706698891,0.988012145674333,19.6098106888681,-8.63186346047148,2.032,-3.949,-18.577,-6.83133333333333,112.413604333333,10.6025282047884,364.828554,19.1004857006308,4.44112879795216,1
0.942,0.298,0.142,0.460666666666667,0.179845333333333,0.424081753124717,0.996332,0.99816431513053,0.988012145674333,19.6098106888681,-8.57240065468984,3.68,-3.614,-18.943,-6.29233333333333,133.330134333333,11.5468668621983,385.440645,19.6326423336239,5.15784800086238,1
0.931,0.284,0.123,0.446,0.182899,0.42766692647433,0.962546,0.981094287008135,0.973353481526624,21.4087629292759,-7.52610295714244,3.68,-3.614,-18.943,-6.29233333333333,133.330134333333,11.5468668621983,385.440645,19.6326423336239,5.15784800086238,1
0.931,0.284,0.116,0.443666666666667,0.185176333333333,0.430321197866586,0.960873,0.98024129682441,0.973353481526624,21.4087629292759,-7.10229195314209,3.68,-0.003,-15.708,-4.01033333333333,106.017676333333,10.2964885438354,260.283673,16.1333094249134,3.68000122282588,1
0.945,0.26,0.095,0.433333333333333,0.203158333333333,0.450730887929076,0.96965,0.984708078569481,0.980114789195633,19.0910525128604,-5.74060663895191,2.642,-0.003,-3.806,-0.389,10.505923,3.24128415909497,21.465809,4.63312087042848,2.64200170325456,1
0.95,0.26,0.039,0.416333333333333,0.225810333333333,0.475195047673409,0.971621,0.985708374723478,0.984936546179499,18.1948723387668,-2.35082249211155,2.642,-0.003,-1.517,0.374,4.430917,2.10497434663703,9.281462,3.04654919540125,2.64200170325456,1
0.95,0.278,0.039,0.422333333333333,0.223104333333333,0.472339214265906,0.981305,0.990608398914526,0.989840391174254,18.1948723387668,-2.35082249211155,3.985,-1.325,0.268,0.976,7.424973,2.7248803643463,17.707674,4.20804871644804,4.19950592332003,1
0.95,0.302,0.079,0.443666666666667,0.204712333333333,0.452451470694188,0.999945,0.999972499621865,0.99684702938816,18.1948723387668,-4.75365897813217,6.64,-2.912,0.325,1.351,23.599683,4.85795049377821,52.674969,7.2577523380176,7.25047198463659,1
0.95,0.318,0.079,0.449,0.202531,0.450034443126301,1.009865,1.00492039485722,1.00181036129599,18.1948723387668,-4.75365897813217,12.225,-2.912,4.769,4.694,57.286411,7.56877869936755,180.67373,13.4414928486385,12.5670350122851,1
0.973,0.318,0.038,0.443,0.230275,0.479869774001239,1.049297,1.02435199028459,1.0236469117816,13.3444767140332,-2.23651971971817,16.253,-2.912,6.57,6.637,91.827673,9.58267567018732,315.804653,17.7708934215475,16.5118064729454,1
0.973,0.21,0.038,0.407,0.247663,0.4976575127535,0.992273,0.996129007709343,0.99540393810754,13.3444767140332,-2.23651971971817,16.253,-14.173,6.57,2.88333333333333,241.629002333333,15.5444202958275,508.198838,22.5432659124626,21.5646455570223,1
0.951,0.21,0.051,0.404,0.230727,0.480340504225909,0.951102,0.975244584706831,0.973910160127719,18.010475910494,-3.06970382272634,15.063,-14.173,3.884,1.59133333333333,217.628164333333,14.7522257416748,442.853354,21.0440812106397,20.6825505680513,1
0.92,0.255,0.051,0.408666666666667,0.206500333333333,0.454423077465629,0.914026,0.95604706997093,0.954685812191634,23.073918065631,-3.17293158525028,-1.996,-10.785,3.243,-3.17933333333333,50.2464043333333,7.08846981606985,130.81729,11.4375386338145,10.9681466529218,1
0.92,0.255,0.021,0.398666666666667,0.217530333333333,0.466401472267545,0.911866,0.954916750298161,0.954685812191634,23.073918065631,-1.30761137526047,-1.996,-7.52,3.243,-2.091,28.967311,5.38212885390159,71.051465,8.4292031058695,7.78038662278424,1
0.939,0.289,0.113,0.447,0.189292,0.435077004678482,0.978011,0.988944386707362,0.982467302254889,20.1157080544961,-6.86202117524377,0.842,0.384,0.405,0.543666666666667,0.0668623333333333,0.2585775190022,1.020445,1.01017077764109,0.92542962995573,1
0.939,0.289,0.121,0.449666666666667,0.186641333333333,0.432020061262592,0.979883,0.989890397973432,0.982467302254889,20.1157080544961,-7.34269872951222,1.117,0.384,0.405,0.635333333333333,0.174112333333333,0.417267699844277,1.55917,1.24866728955315,1.18116256290148,1
0.939,0.289,0.115,0.447666666666667,0.188625333333333,0.434310181015059,0.978467,0.989174908699164,0.982467302254889,20.1157080544961,-6.98228427091203,1.208,0.476,0.07,0.584666666666667,0.332617333333333,0.576729861662575,1.69074,1.30028458423531,1.29839901417091,1
0.939,0.288,0.12,0.449,0.187131,0.432586407553451,0.979065,0.989477134652439,0.982173609908147,20.1157080544961,-7.28266943239549,1.208,0.476,0.07,0.584666666666667,0.332617333333333,0.576729861662575,1.69074,1.30028458423531,1.29839901417091,1
0.945,0.287,0.12,0.450666666666667,0.190246333333333,0.436172366540263,0.989794,0.994883912826014,0.987620372410371,19.0910525128604,-7.236922025968,1.178,0.567,0.161,0.635333333333333,0.262074333333333,0.51193196162511,1.735094,1.31722966866071,1.30735343346778,1
0.945,0.286,0.12,0.450333333333333,0.190410333333333,0.436360325113699,0.989221,0.994595897839922,0.987330238572688,19.0910525128604,-7.236922025968,0.995,0.567,0.161,0.574333333333333,0.173929333333333,0.41704835850694,1.337435,1.15647524833003,1.14521351720978,1
0.945,0.284,0.12,0.449666666666667,0.190740333333333,0.436738289291577,0.988081,0.994022635557159,0.986752755253311,19.0910525128604,-7.236922025968,0.506,0.567,0.161,0.411333333333333,0.0479303333333333,0.21892997358364,0.603446,0.776817867971637,0.759950656292894,1
0.944,0.283,0.112,0.446333333333333,0.193064333333333,0.439390866237947,0.983769,0.991851299338767,0.985507483482495,19.2654645653945,-6.76617482255306,0.14,0.567,0.588,0.431666666666667,0.0639123333333333,0.252808886974595,0.686833,0.828753883852136,0.584028252741252,1
0.941,0.283,0.112,0.445333333333333,0.191574333333333,0.43769205308451,0.978114,0.988996461065458,0.982634214751349,19.7798228123058,-6.78754511035264,-1.233,0.476,0.588,-0.0563333333333334,1.04154433333333,1.02056079355094,2.092609,1.44658528956989,1.32169020575928,1
0.941,0.289,0.12,0.45,0.187951,0.43353315905476,0.983402,0.991666274509726,0.984378992055397,19.7798228123058,-7.2673565124972,-1.325,0.476,0.436,-0.137666666666667,1.05772033333333,1.02845531421318,2.172297,1.47387143265619,1.40790660201591,1
0.939,0.293,0.12,0.450666666666667,0.186334333333333,0.431664607459696,0.98197,0.990943994381115,0.983651361001448,20.1157080544961,-7.28266943239549,-1.325,0.415,0.253,-0.219,0.923988,0.961242945357728,1.991859,1.411332349236,1.38847038139098,1
0.941,0.296,0.115,0.450666666666667,0.188510333333333,0.434177766972623,0.986322,0.993137452722432,0.98645679074149,19.7798228123058,-6.96759016259301,-0.653,0.201,0.253,-0.0663333333333333,0.258809333333333,0.508733066876268,0.530819,0.728573263303012,0.68323495226752,1
0.94,0.296,0.115,0.450333333333333,0.188020333333333,0.433613114807813,0.984441,0.992190001965349,0.985502917296545,19.9484435888027,-6.97492951599615,-0.165,0.201,0.405,0.147,0.083412,0.28881135711741,0.231651,0.481301360895645,0.260049995193232,1
0.94,0.292,0.115,0.449,0.188643,0.434330519305287,0.982089,0.991004036318723,0.984308894605753,19.9484435888027,-6.97492951599615,-0.165,0.323,0.405,0.187666666666667,0.0949613333333333,0.308157968148372,0.295579,0.543671775982532,0.362703735850625,1
0.94,0.292,0.113,0.448333333333333,0.189312333333333,0.435100371561934,0.981633,0.990773939907586,0.984308894605753,19.9484435888027,-6.85479064881386,-0.714,0.537,0.375,0.066,0.462861,0.680338886144251,0.93879,0.968911760688248,0.893400805909643,1
0.94,0.292,0.113,0.448333333333333,0.189312333333333,0.435100371561934,0.981633,0.990773939907586,0.984308894605753,19.9484435888027,-6.85479064881386,-0.989,0.537,0.296,-0.052,0.672997,0.820363943625023,1.354106,1.16366060344071,1.12538437877909,1
0.939,0.292,0.113,0.448,0.188821,0.434535384059802,0.979754,0.989825237099964,0.983353954586038,20.1157080544961,-6.86202117524377,-0.989,-0.257,0.296,-0.316666666666667,0.415476333333333,0.644574536677748,1.131786,1.0638543133343,1.02184636810041,1
0.939,0.291,0.119,0.449666666666667,0.186981333333333,0.432413382463278,0.980563,0.990233810774001,0.983057475430608,20.1157080544961,-7.22262405603245,-0.867,-0.257,0.741,-0.127666666666667,0.658961333333333,0.81176433361742,1.366819,1.16911034551919,0.904288670724122,1
0.939,0.291,0.126,0.452,0.184683,0.429747600342341,0.982278,0.99109938956696,0.983057475430608,20.1157080544961,-7.64259964909645,-0.867,-0.074,0.741,-0.0666666666666667,0.646456333333333,0.804025082527488,1.306246,1.14291119515035,0.870152285522483,1
0.939,0.291,0.126,0.452,0.184683,0.429747600342341,0.982278,0.99109938956696,0.983057475430608,20.1157080544961,-7.64259964909645,-1.02,-0.074,0.527,-0.189,0.608221,0.779885247969213,1.323605,1.15048033446904,1.02268079086292,1
0.939,0.291,0.121,0.450333333333333,0.186321333333333,0.431649549210159,0.981043,0.99047614812271,0.983057475430608,20.1157080544961,-7.34269872951222,-1.447,0.14,0.375,-0.310666666666667,0.982246333333333,0.991083413912943,2.254034,1.50134406449688,1.45375685724952,1
0.938,0.285,0.118,0.447,0.187783,0.433339358932465,0.974993,0.987417338312428,0.980341267110591,20.2816498129502,-7.17011928855922,-1.447,0.14,0.131,-0.392,0.834789,0.913667882767037,2.13057,1.45964721765227,1.45375685724952,1
0.934,0.285,0.117,0.445333333333333,0.186152333333333,0.431453744141053,0.96727,0.983498856125415,0.976514720831181,20.9328160636881,-7.14011604008288,-1.66,0.384,0.07,-0.402,1.211572,1.10071431352554,2.907956,1.70527299867206,1.70383567282764,1
0.934,0.289,0.118,0.447,0.185187,0.430333591531035,0.969801,0.984784748054112,0.97768962355136,20.9328160636881,-7.20050481577993,-1.66,0.75,0.07,-0.28,1.5439,1.24253772578542,3.323,1.82290976189169,1.82156526097749,1
0.936,0.289,0.118,0.447666666666667,0.186162333333333,0.431465332713224,0.973541,0.986681812946808,0.979600428746333,20.6096929375321,-7.18528009687402,-1.111,0.75,0.1,-0.087,0.892057,0.94448769182028,1.806821,1.34418041943781,1.34045551959026,1
0.936,0.289,0.119,0.448,0.185833,0.431083518590076,0.973778,0.986801905146114,0.979600428746333,20.6096929375321,-7.24552786728543,-0.989,0.75,0.1,-0.0463333333333333,0.772090333333333,0.878686709432511,1.550621,1.24523933442531,1.24121754741061,1
0.941,0.289,0.119,0.449666666666667,0.188281333333333,0.433913969967934,0.983163,0.991545762937848,0.984378992055397,19.7798228123058,-7.20743470118856,-0.623,0.75,0.039,0.0553333333333333,0.471482333333333,0.686645711654368,0.95215,0.97578173789019,0.975002051279893,1
0.939,0.294,0.119,0.450666666666667,0.186508333333333,0.431866105793605,0.982318,0.991119568972382,0.983949693836021,20.1157080544961,-7.22262405603245,-0.409,0.292,0.039,-0.026,0.126019,0.354991549195189,0.254066,0.504049600733896,0.502538555734781,1
0.939,0.294,0.118,0.450333333333333,0.186840333333333,0.432250313283095,0.982081,0.991,0.983949693836021,20.1157080544961,-7.16256272590809,-0.196,0.292,0.039,0.045,0.059563,0.244055321597379,0.125201,0.353837533339808,0.351681674245332,1
0.939,0.294,0.113,0.448666666666667,0.188510333333333,0.434177766972623,0.980926,0.990417083859118,0.983949693836021,20.1157080544961,-6.86202117524377,0.018,0.323,0.039,0.126666666666667,0.0290203333333333,0.170353553920467,0.106174,0.325843520727358,0.323501159194214,1
0.939,0.293,0.113,0.448333333333333,0.188665333333333,0.434356228611187,0.980339,0.990120699712919,0.983651361001448,20.1157080544961,-6.86202117524377,0.11,0.354,0.131,0.198333333333333,0.0182843333333333,0.135219574519865,0.154577,0.393162816146186,0.370696641473861,1
0.948,0.292,0.113,0.451,0.193267,0.43962142804918,0.996737,0.99836716692808,0.991951611723072,18.5583536994437,-6.79748785233059,0.323,0.354,0.253,0.31,0.002677,0.0517397332811061,0.293654,0.541898514484031,0.479212896320623,1
0.948,0.292,0.113,0.451,0.193267,0.43962142804918,0.996737,0.99836716692808,0.991951611723072,18.5583536994437,-6.79748785233059,0.323,0.354,0.253,0.31,0.002677,0.0517397332811061,0.293654,0.541898514484031,0.479212896320623,1
0.947,0.292,0.114,0.451,0.192433,0.438671859138468,0.995069,0.997531453138196,0.990995963664838,18.7375417673679,-6.86424412052453,0.079,0.17,0.314,0.187666666666667,0.0140403333333333,0.118491912522895,0.133737,0.365700697292198,0.187459328922303,1
0.942,0.29,0.114,0.448666666666667,0.190277333333333,0.436207901502636,0.98446,0.992199576698156,0.9856287333474,19.6098106888681,-6.9003281692773,0.079,0.17,0.283,0.177333333333333,0.0104443333333333,0.102197521170199,0.11523,0.339455446266517,0.187459328922303,1
0.938,0.286,0.114,0.446,0.188944,0.434676891495281,0.974636,0.987236547135488,0.980632448983818,20.2816498129502,-6.92946837263094,0.079,0.231,0.314,0.208,0.014203,0.11917633993373,0.158198,0.397741121836805,0.244135208439913,1
0.938,0.286,0.131,0.451666666666667,0.183396333333333,0.428247981119974,0.978801,0.989343721868189,0.980632448983818,20.2816498129502,-7.95043870981594,-0.043,0.537,0.283,0.259,0.084532,0.290743873538205,0.370307,0.608528553150959,0.538718850607624,1
0.938,0.292,0.131,0.453666666666667,0.182414333333333,0.427099910247396,0.982269,0.991094849144117,0.982399104234119,20.2816498129502,-7.95043870981594,-0.043,0.567,0.314,0.279333333333333,0.0939263333333333,0.306474033701606,0.421934,0.649564469471661,0.568628173765599,1
0.938,0.293,0.121,0.450666666666667,0.185516333333333,0.430716070437746,0.980334,0.990118174765013,0.982696799628451,20.2816498129502,-7.35044120349255,0.171,0.781,0.283,0.411666666666667,0.105441333333333,0.324717312955951,0.719291,0.848110252266768,0.799501094433272,1
0.935,0.293,0.12,0.449333333333333,0.184386333333333,0.4294022977737,0.974474,0.987154496520175,0.979833659352443,20.7718550453282,-7.31348862803166,0.75,0.933,0.192,0.625,0.148989,0.385990932535986,1.469853,1.21237494200433,1.19707518560866,1
0.935,0.293,0.12,0.449333333333333,0.184386333333333,0.4294022977737,0.974474,0.987154496520175,0.979833659352443,20.7718550453282,-7.31348862803166,1.025,0.933,0.192,0.716666666666667,0.208572333333333,0.456697200925661,1.957978,1.39927767080019,1.38604256788888,1
0.941,0.287,0.12,0.449333333333333,0.188274333333333,0.43390590377792,0.98225,0.991085263738696,0.983793677556428,19.7798228123058,-7.2673565124972,1.025,0.933,0.192,0.716666666666667,0.208572333333333,0.456697200925661,1.957978,1.39927767080019,1.38604256788888,1
0.941,0.286,0.113,0.446666666666667,0.190756333333333,0.436756606513666,0.980046,0.98997272689706,0.983502414841977,19.7798228123058,-6.8475752714458,0.964,0.964,0.192,0.706666666666667,0.198661333333333,0.445714407814391,1.895456,1.3767556064894,1.36330187412766,1
0.941,0.286,0.113,0.446666666666667,0.190756333333333,0.436756606513666,0.980046,0.98997272689706,0.983502414841977,19.7798228123058,-6.8475752714458,0.384,0.964,0.283,0.543666666666667,0.135060333333333,0.367505555513564,1.156841,1.0755654326911,1.03766661312774,1
0.939,0.293,0.113,0.448333333333333,0.188665333333333,0.434356228611187,0.980339,0.990120699712919,0.983651361001448,20.1157080544961,-6.86202117524377,0.384,0.964,0.527,0.625,0.091303,0.302163862829426,1.354481,1.16382172174264,1.03766661312774,1
0.939,0.293,0.118,0.45,0.186997,0.432431497465205,0.981494,0.990703790242068,0.983651361001448,20.1157080544961,-7.16256272590809,0.476,0.964,0.527,0.655666666666667,0.0719523333333333,0.268239321005205,1.433601,1.19733078136328,1.07511487758286,1
0.94,0.293,0.118,0.450333333333333,0.187486333333333,0.432996920697288,0.983373,0.991651652547406,0.984606012575589,19.9484435888027,-7.15502199136062,0.476,0.964,0.314,0.584666666666667,0.114481333333333,0.338350902663689,1.254468,1.12003035673146,1.07511487758286,1
0.94,0.295,0.117,0.450666666666667,0.187506333333333,0.433020014933875,0.984314,0.992126000062492,0.985203024761902,19.9484435888027,-7.09500677746079,-0.074,0.689,0.291,0.302,0.145633,0.381618919866403,0.564878,0.751583661344497,0.69296248094684,1
0.938,0.306,0.113,0.452333333333333,0.186216333333333,0.431527905625272,0.986249,0.993100699828572,0.98665090077494,20.2816498129502,-6.86926689826402,-0.074,-1.294,-0.754,-0.707333333333333,0.373733333333333,0.61133733186624,2.248428,1.49947590844268,1.29611419250003,1
0.937,0.344,0.107,0.462666666666667,0.182786333333333,0.427535183737354,1.007754,1.0038695134329,0.998150790211579,20.4463011157792,-6.51462800641808,1.971,-2.637,-5.088,-1.918,12.845091,3.58400488280917,36.726354,6.06022722346283,3.29220442864656,1
0.885,0.344,0.085,0.438,0.166627,0.408199706026352,0.908786,0.953302680159875,0.94950566085727,27.7484787006534,-5.48615642500431,4.077,-2.637,-5.088,-1.216,22.513737,4.74486427624648,49.463442,7.03302509593134,4.85548123258653,1
0.885,0.334,0.052,0.423666666666667,0.179502333333333,0.423677156964278,0.897485,0.947356849344533,0.945928644243317,27.7484787006534,-3.36266548694247,4.077,-0.074,-3.074,0.309666666666667,12.8946003333333,3.59090522477736,26.076881,5.10655275112282,4.07767151693218,1
0.889,0.254,0.052,0.398333333333333,0.190766333333333,0.436768054387375,0.857541,0.926035096527124,0.924573955938626,27.2521449116506,-3.34756986968205,3.222,0.17,0.15,1.18066666666667,3.12538133333333,1.76787480703056,10.432684,3.22996656329442,3.2264816751378,1
0.948,0.143,0.098,0.396333333333333,0.228758333333333,0.478286873469609,0.928757,0.963720395135436,0.95872467372025,18.5583536994437,-5.902017038379,-2.668,231.091,0.16,76.1943333333333,17996.7324043333,134.151900487221,53410.194105,231.10645621661,231.106400830873,1
0.968,0.126,0.143,0.412333333333333,0.231646333333333,0.481296512903775,0.973349,0.986584512345496,0.976165969494942,14.533746901085,-8.40337109056083,-2.668,231.091,0.16,76.1943333333333,17996.7324043333,134.151900487221,53410.194105,231.10645621661,231.106400830873,1
1.149,0.111,0.143,0.467666666666667,0.348417333333333,0.590268865292193,1.352971,1.16317281605099,1.15434916727999,0,-7.094327664363,8.532,23.974,0.262,10.9226666666667,144.851201333333,12.0354144645431,647.616344,25.4483072914487,25.4469585608968,1
1.149,0.126,0.106,0.460333333333333,0.355796333333333,0.596486658135229,1.347313,1.16073812722767,1.15588797035007,0,-5.27085320542552,8.532,2.886,0.49,3.96933333333333,17.0486493333333,4.12900100912234,81.36412,9.02020620606868,9.00688736467821,1
0.913,0.126,-0.12,0.306333333333333,0.291162333333333,0.539594600911956,0.863845,0.929432622625223,0.921653405570663,24.0767216446044,7.48774071063004,-32.27,2.886,2.664,-8.90666666666667,409.396329333333,20.2335446556784,1056.778792,32.5081342436012,32.3987946689379,1
0.913,0.163,-0.12,0.318666666666667,0.284946333333333,0.533803646796585,0.874538,0.935167364700031,0.927436251178484,24.0767216446044,7.48774071063004,-32.27,2.886,0.49,-9.63133333333334,385.817125333333,19.6422281152962,1049.921996,32.4024998418332,32.3987946689379,1
0.913,0.163,0.174,0.416666666666667,0.184790333333333,0.429872461706183,0.890414,0.943617507255986,0.927436251178484,24.0767216446044,-10.7900652216639,102.404,71.368,0.49,58.0873333333333,2728.89792933333,52.2388545943853,15580.21074,124.820714386675,124.819752603504,1
0.826,0.004,0.267,0.365666666666667,0.176222333333333,0.41978843877998,0.753581,0.868090433077108,0.826009685173243,34.3099926879031,-17.9131437642656,104.144,71.368,0.329,58.6136666666667,2816.39332033333,53.0697024707444,15939.472401,126.25162335986,126.251194687417,1
0.826,0.004,0.267,0.365666666666667,0.176222333333333,0.41978843877998,0.753581,0.868090433077108,0.826009685173243,34.3099926879031,-17.9131437642656,104.144,1.177,-0.086,35.0783333333333,3577.94852633333,59.815955449473,10847.365461,104.15068632035,104.150650814097,1
0.826,0.004,-0.369,0.153666666666667,0.373806333333333,0.611397034122127,0.818453,0.904683922704499,0.826009685173243,34.3099926879031,24.0718073886963,-10.877,1.133,-0.086,-3.27666666666667,43.6952903333333,6.61024132186816,119.600214,10.9361882756288,10.9358501269906,1
1.329,0.113,-0.369,0.357666666666667,0.765697333333333,0.875041332357125,1.915171,1.38389703374203,1.33379533662403,0,15.517440164381,-1011.155,0.353,-0.176,-336.992666666667,340871.208724333,583.84176685497,1022434.58961,1011.1550769343,1011.15506161716,1
1.329,0.113,-0.369,0.357666666666667,0.765697333333333,0.875041332357125,1.915171,1.38389703374203,1.33379533662403,0,15.517440164381,-1011.155,0.353,-0.176,-336.992666666667,340871.208724333,583.84176685497,1022434.58961,1011.1550769343,1011.15506161716,1
0.673,0.113,-0.231,0.185,0.208192,0.456280615411174,0.519059,0.72045749354143,0.68242069136274,47.7009693559169,18.9442312278995,-83.631,0.666,-0.176,-27.7136666666667,2345.23836633333,48.4276611693496,6994.618693,83.6338370099089,83.6336518215007,1
0.643,-0.814,-0.231,-0.134,0.537769,0.733327348460427,1.129406,1.06273515044907,1.03732588900499,49.9841125606957,19.7610031996269,-83.631,0.666,64.004,-6.32033333333333,5485.62994633333,74.0650386237213,11091.099733,105.314290260154,83.6336518215007,1
0.266,-1.16,-0.144,-0.346,0.538972,0.734147124219662,1.437092,1.1987877209915,1.19010755816439,74.5736185773055,28.4290488330861,-162.397,-26.899,64.004,-41.764,12980.079369,113.930151272611,31192.853826,176.614987546357,164.60966499571,1
0.266,-1.16,0.189,-0.235,0.643201,0.80199812967363,1.452077,1.20502157657031,1.19010755816439,74.5736185773055,-35.3947958449871,-162.397,-74.933,64.004,-57.7753333333333,13035.1423443333,114.1715478757,36084.252114,189.958553674216,178.851167449363,1
0.931,1.742,0.189,0.954,0.603349,0.776755431265209,3.937046,1.98419908275354,1.9751772072399,21.4087629292759,-11.475526751423,-162.397,-74.933,54.238,-61.0306666666667,11877.6369603333,108.984572120706,34929.500742,186.894357170033,178.851167449363,1
0.931,1.742,0.122,0.931666666666667,0.656100333333333,0.810000205761291,3.916209,1.97894138366956,1.9751772072399,21.4087629292759,-7.46560812017881,86.108,0.356,0.214,28.8926666666667,2455.20081733333,49.5499830205151,7414.760196,86.1090018290771,86.1087359098948,1
0.736,-0.061,-0.059,0.205333333333333,0.211206333333333,0.459571902245267,0.548898,0.740876507928278,0.738523527045686,42.6082175297965,4.58320343600171,150.134,0.392,-0.638,49.9626666666667,7525.98724133333,86.7524480423079,22540.778664,150.13586734688,150.134511755292,1
0.625,-0.077,-0.059,0.163,0.160164,0.400204947495655,0.400035,0.632483201357949,0.629725336952548,51.3178125465106,5.3927405917774,150.134,0.392,-3.013,49.171,7648.044033,87.4530961887571,22549.449789,150.164742163399,150.134511755292,1
0.625,-0.077,-0.059,0.163,0.160164,0.400204947495655,0.400035,0.632483201357949,0.629725336952548,51.3178125465106,5.3927405917774,71.154,0.392,-5.363,22.061,1815.871993,42.6130495623113,5091.807149,71.3568997995288,71.1550797905532,1
0.666,-0.077,-0.076,0.171,0.183769,0.428682866464243,0.455261,0.674730316496895,0.670436425024775,48.2409115317895,6.51009636011551,45.916,-40.754,-3.013,0.716333333333335,1888.35317033333,43.4551857703236,3778.245741,61.4674364277542,61.3935466641242,1
1.529,-0.153,-0.436,0.313333333333333,1.12840633333333,1.06226471904763,2.551346,1.59729333561497,1.53663593606293,0,15.9156961474638,-144.178,-40.754,-3.013,-62.6483333333333,5341.41068033333,73.0849552256368,22457.262369,149.857473517339,149.827181112107,1
1.529,-0.153,-0.436,0.313333333333333,1.12840633333333,1.06226471904763,2.551346,1.59729333561497,1.53663593606293,0,15.9156961474638,-144.178,-72.858,0.93,-72.0353333333333,5264.59050133333,72.5574978987929,26096.448748,161.543952991129,161.541275988523,1
1.529,0.601,-0.259,0.623666666666667,0.799621333333334,0.894215484843186,2.766123,1.66316655810535,1.64287613653617,0,9.61417115683939,-65.259,-72.858,18.929,-39.7293333333333,2595.03625233333,50.9414983322373,9925.332286,99.6259619075269,97.811171371168,1
0.846,0.601,-0.259,0.396,0.336775,0.580323185819764,1.143998,1.06957842162228,1.03774611538661,32.2207635824143,17.021789331044,-65.259,-73.407,22.439,-38.7423333333333,2823.96413733333,53.1409835939582,10150.833451,100.751344661002,98.2207958122922,1
0.846,0.451,-0.259,0.346,0.313525,0.559933031710043,0.986198,0.99307502234222,0.958705898594559,32.2207635824143,17.021789331044,-71.393,-73.407,22.439,-40.787,2999.159356,54.764581218156,10989.056819,104.82870226708,102.398965317038,1
1.14,0.436,0.03,0.535333333333333,0.315425333333333,0.561627397242454,1.490596,1.22089966827746,1.22053103196928,0,-1.50743575877497,-71.393,-67.09,18.868,-39.8716666666667,2592.39028233333,50.9155210356659,9954.029973,99.7698851006655,97.9695286760123,1
1.14,0.388,0.03,0.519333333333333,0.320961333333333,0.566534494389647,1.451044,1.20459287728261,1.20421924914029,0,-1.50743575877497,-73.804,-36.573,5.105,-35.0906666666667,1558.30555433333,39.4753790904322,6810.67577,82.5268184895068,82.3687728754047,1
0.987,0.132,0.003,0.374,0.285987,0.534777523835847,0.991602,0.995792146986508,0.995787627960902,9.24870479102892,-0.174150769206592,-73.804,-36.573,0.123,-36.7513333333333,1366.32418433333,36.963822642326,6784.629874,82.3688647123414,82.3687728754047,1
0.98,0.132,0.003,0.371666666666667,0.281712333333333,0.5307657989484,0.977833,0.988854387662815,0.988849836931776,11.4783409545336,-0.175394695528624,-73.804,-36.573,0.123,-36.7513333333333,1366.32418433333,36.963822642326,6784.629874,82.3688647123414,82.3687728754047,1
0.917,0.347,0.029,0.431,0.202428,0.449919992887624,0.962139,0.980886843626725,0.980458056216583,23.5086305220637,-1.81136750897737,-25.312,-37.183,0.097,-20.7993333333333,362.722720333333,19.0452807890389,2023.282242,44.9809097506931,44.9808051617576,1
0.917,0.347,0.029,0.431,0.202428,0.449919992887624,0.962139,0.980886843626725,0.980458056216583,23.5086305220637,-1.81136750897737,-22.107,-37.183,-4.417,-21.2356666666667,268.972105333333,16.400369060888,1890.804827,43.4833856432546,43.2584666626084,1
0.917,0.303,-0.016,0.401333333333333,0.224874333333333,0.474209166226607,0.932954,0.965895439475723,0.965762910863738,23.5086305220637,0.99960682582046,-17.682,-17.957,-4.417,-13.352,59.894575,7.73915854599193,654.616862,25.5854814689894,25.2013287943315,1
0.953,0.303,-0.016,0.413333333333333,0.243870333333333,0.493832292720245,1.000274,1.00013699061679,1.0000089999595,17.6360936204484,0.961853465470712,-12.799,-0.918,0.269,-4.48266666666667,52.2232923333333,7.22656850333084,164.729486,12.834698516132,12.8318792466263,1
0.962,0.303,0.046,0.437,0.223231,0.47247327966775,1.019369,1.00963805395795,1.00858960930599,15.8458075497508,-2.73762979650756,-9.198,2.307,0.269,-2.20733333333333,37.6904263333333,6.13925291328948,89.997814,9.48671776748945,9.48290319469729,1
0.965,0.25,0.047,0.420666666666667,0.232526333333333,0.482209843671128,0.995934,0.997964929243508,0.996857562543416,15.203604093293,-2.7883682337833,-2.332,2.307,0.238,0.071,5.400997,2.3240045180679,10.817117,3.28893858258253,3.28031599087649,1
0.965,0.25,0.047,0.420666666666667,0.232526333333333,0.482209843671128,0.995934,0.997964929243508,0.996857562543416,15.203604093293,-2.7883682337833,-2.332,2.307,0.238,0.071,5.400997,2.3240045180679,10.817117,3.28893858258253,3.28031599087649,1
0.952,0.25,0.076,0.426,0.215076,0.46376287044135,0.97458,0.987208184731063,0.984278415896641,17.8242358246438,-4.56435282653739,-2.332,0.476,0.238,-0.539333333333333,2.42440133333333,1.5570489180926,5.721444,2.39195401293587,2.38008403212996,1
0.951,0.275,0.082,0.436,0.208231,0.456323350268206,0.98675,0.993352908084534,0.989962625557147,18.010475910494,-4.92814104071529,-2.393,-1.935,0.276,-1.35066666666667,2.03697433333333,1.42722609748187,9.54685,3.08979772800745,3.07744601902292,1
0.951,0.275,0.083,0.436333333333333,0.207877333333333,0.455935667976671,0.986915,0.993435956667565,0.989962625557147,18.010475910494,-4.98793894232622,-2.393,-1.935,0.276,-1.35066666666667,2.03697433333333,1.42722609748187,9.54685,3.08979772800745,3.07744601902292,1
0.953,0.235,0.089,0.425666666666667,0.213889333333333,0.462481711350117,0.971355,0.985573437142053,0.981546738571322,17.6360936204484,-5.33533765385597,-2.393,-1.935,0.243,-1.36166666666667,1.98365733333333,1.40842370518723,9.529723,3.08702494320989,3.07744601902292,1
0.955,0.235,0.089,0.426333333333333,0.214945333333333,0.463621972444505,0.975171,0.987507468326189,0.983488688292855,17.2538531173573,-5.32422845048538,-1.599,-0.654,0.243,-0.67,0.848433,0.921104228629963,3.043566,1.74458189833553,1.72757546868436,1
0.955,0.235,0.089,0.426333333333333,0.214945333333333,0.463621972444505,0.975171,0.987507468326189,0.983488688292855,17.2538531173573,-5.32422845048538,0,0,0.243,0.081,0.019683,0.140296115413079,0.059049,0.243,0,1
0.945,0.251,0.118,0.438,0.197209,0.444082199598228,0.96995,0.984860396198365,0.977765820633959,19.0910525128604,-7.11755401767112,-6.452,1.666,0.292,-1.498,18.878556,4.34494602958426,44.489124,6.67001679158306,6.66362213814679,1
0.945,0.28,0.12,0.448333333333333,0.191408333333333,0.437502380945902,0.985825,0.992887204067008,0.985608948823011,19.0910525128604,-7.236922025968,-6.452,10.958,0.292,1.59933333333333,77.0588653333333,8.7783179102453,161.791332,12.7197221667771,12.7163700795471,1
0.945,0.282,0.129,0.452,0.188139,0.433749927953885,0.98919,0.994580313499116,0.986178989839066,19.0910525128604,-7.77328271755124,1.696,10.958,0.305,4.31966666666667,33.5343223333333,5.79088269034465,123.047205,11.0926644680167,11.0884705888594,1
0.948,0.282,0.129,0.453,0.189621,0.435454934522506,0.994869,0.997431200634911,0.989054093566171,18.5583536994437,-7.74898305613484,1.696,1.727,0.305,1.24266666666667,0.659654333333333,0.812191069474008,5.95197,2.43966596074135,2.42052576933194,1
0.948,0.206,0.122,0.425333333333333,0.206649333333333,0.454586992041494,0.956024,0.977764797893645,0.970123703452297,18.5583536994437,-7.33320149894265,-3.736,1.727,0.305,-0.568,8.032689,2.83419988709336,17.03325,4.12713581070456,4.11585045889668,1
0.948,0.206,0.122,0.425333333333333,0.206649333333333,0.454586992041494,0.956024,0.977764797893645,0.970123703452297,18.5583536994437,-7.33320149894265,-3.736,2.093,0.3,-0.447666666666667,8.91356433333333,2.98555929991908,18.428345,4.29282482754654,4.28232938947952,1
0.959,0.218,0.161,0.446,0.198189,0.445184231526679,0.993126,0.996557073127275,0.983465810285238,16.4635952022703,-9.53012783259995,2.642,4.809,-0.876,2.19166666666667,8.23190633333333,2.86912989133175,30.874021,5.55643959744007,5.48695225056679,1
0.959,0.236,0.161,0.452,0.194193,0.440673348411269,1.001298,1.00064878953607,0.987611765827038,16.4635952022703,-9.53012783259995,2.642,58.923,0.297,20.6206666666667,1101.67631033333,33.1915096121483,3478.988302,58.9829492480666,58.9822014933319,1
0.947,0.242,0.161,0.45,0.186897,0.432315856752907,0.981294,0.990602846755449,0.977431839055798,18.7375417673679,-9.64863334507597,-1.66,17.934,0.259,5.511,116.668837,10.8013349637904,324.451037,18.0125244482832,18.0106622865457,1
0.946,0.261,0.153,0.453333333333333,0.184956333333333,0.430065498887476,0.986446,0.993199879178406,0.981344485896772,18.9150927972829,-9.18710013094087,-2.79,58.935,0.297,18.814,1209.653373,34.7800714921634,3481.206534,59.0017502621744,59.0010027457161,1
0.946,0.261,0.15,0.452333333333333,0.185860333333333,0.431115220484424,0.985537,0.992742161893006,0.981344485896772,18.9150927972829,-9.00994474651451,-2.79,17.934,0.297,5.147,125.012919,11.1809176278157,329.500665,18.1521531780668,18.149723303676,1
0.932,0.261,0.149,0.447333333333333,0.179312333333333,0.423452870262245,0.958946,0.979257882276165,0.967855877700807,21.2512439756827,-9.08308377813584,-2.79,17.934,0.367,5.17033333333333,124.675052333333,11.1657983294225,329.547145,18.1534334218076,18.149723303676,1
0.914,0.243,0.149,0.435333333333333,0.174050333333333,0.417193400395228,0.916646,0.957416314880836,0.945751024318769,23.9358893976888,-9.25889405692932,-0.745,-15.76,3.671,-4.278,103.752507,10.1858974567782,262.408866,16.199039045573,15.7775988350573,1
0.914,0.191,0.056,0.387,0.212853,0.461359946245879,0.875013,0.935421295459965,0.933743540807646,23.9358893976888,-3.5060807296034,7.556,-15.76,23.049,4.94833333333333,381.634564333333,19.5354693911698,836.727137,28.9262361360755,17.4777211329166,1
0.914,0.104,0.056,0.358,0.232428,0.482107871746563,0.849348,0.921600781249669,0.91989782041268,23.9358893976888,-3.5060807296034,20.861,24.768,28.787,24.8053333333333,15.7064143333333,3.96313188442339,1877.326514,43.3281261307248,32.3826364738883,1
0.919,0.104,0.127,0.383333333333333,0.215336333333333,0.464043460608307,0.871506,0.933544856983316,0.92486593623076,23.2196761572292,-7.86808079885625,20.861,33.251,28.787,27.633,39.376812,6.27509458096051,2369.501691,48.6775275769014,39.253156841202,1
0.922,0.072,0.146,0.38,0.221692,0.470841799333916,0.876584,0.936260647469496,0.924807006893871,22.7797578906785,-8.99815380390152,19,33.343,17.922,23.4216666666667,74.1151623333334,8.60901633947418,1793.953733,42.3550909927012,38.3764986547757,1
0.922,0.064,0.169,0.385,0.219033,0.46800961528584,0.882741,0.93954297400385,0.924218588863046,22.7797578906785,-10.386853730771,18.939,35.54,9.072,21.1836666666667,178.917652333333,13.3760103294418,1704.078505,41.2804857650682,40.2712964901802,1
0.922,0.047,0.177,0.382,0.222925,0.472149340781071,0.883622,0.94001170205482,0.923197162040699,22.7797578906785,-10.867086928325,16.65,35.54,1.962,18.0506666666667,283.341921333333,16.8327633302834,1544.163544,39.2958463962796,39.2468355412255,1
0.942,0.047,0.177,0.388666666666667,0.233858333333333,0.483589012833556,0.920902,0.959636389472596,0.943171776507334,19.6098106888681,-10.6416878763047,10.669,35.54,0.125,15.4446666666667,330.660800333333,18.1840809592713,1376.934786,37.1070719135854,37.1068613736058,1
0.942,0.065,0.156,0.387666666666667,0.232534333333333,0.482218138743591,0.915925,0.957039706595291,0.944239905956108,19.6098106888681,-9.40313237421269,5.999,29.711,-1.67,11.3466666666667,267.639944333333,16.3597048975015,921.520422,30.356554844053,30.3105843229721,1
0.942,0.144,0.153,0.413,0.209901,0.45814953890624,0.931509,0.965147139041504,0.952942810456116,19.6098106888681,-9.22544178191969,5.999,21.197,-17.448,3.24933333333333,379.029506333333,19.4686801384514,789.733514,28.1021976720683,22.0295440261482,1
0.946,0.152,0.153,0.417,0.209881,0.45812771145173,0.941429,0.970272642096025,0.958133602374951,18.9150927972829,-9.18710013094087,5.999,18.359,-17.448,2.30333333333333,330.778776333333,18.1873246062562,677.473586,26.0283227657873,19.3142662816893,1
0.934,0.392,0.182,0.502666666666667,0.150561333333333,0.388022336126844,1.059144,1.02914721978928,1.01292645340123,20.9328160636881,-11.0265261480459,8.288,4.612,0.01,4.30333333333333,17.2027773333333,4.14762309441605,89.961588,9.48480827428789,9.48480300269858,1
0.977,0.565,0.37,0.637333333333333,0.0960363333333333,0.309897294814481,1.410654,1.1877095604566,1.12860710612684,12.3122515058189,-20.7421948677584,87.909,4.612,0.305,30.942,2438.566879,49.3818476669312,7749.35585,88.0304257061159,88.0298973360755,1
1.015,0.631,0.628,0.758,0.049539,0.222573583338185,1.82277,1.35009999629657,1.19515103648033,0,-31.7458747912461,112.841,55.712,14.84,61.131,2423.073171,49.2247211368434,16057.143825,126.716785884902,125.844818029985,1
1.015,0.75,0.628,0.797666666666667,0.0391463333333334,0.197854323514381,1.987109,1.40964853775684,1.26203209150956,0,-31.7458747912461,131.121,55.712,14.84,67.2243333333333,3479.71810433333,58.9891354770803,20516.769185,143.236759196095,142.465938332641,1
1.015,0.75,0.473,0.746,0.073453,0.271022139317068,1.816454,1.34775888051239,1.26203209150956,0,-24.9859829397129,183.825,23.059,14.84,73.908,9078.198157,95.2795789085993,34543.573706,185.859015670481,185.265615012608,1
1.25,0.65,0.473,0.791,0.165843,0.407238259499276,2.208729,1.48617932969073,1.40890028036054,0,-20.7266425351684,227.069,23.059,-35.758,71.4566666666667,19026.2585863333,137.935704537779,53370.682806,231.020957503859,228.236824903432,1
1.25,-0.08,0.561,0.577,0.442417,0.665144345236431,1.883621,1.37245072771302,1.252557383915,0,-24.1705429879498,227.069,35.906,-35.758,75.739,18459.508899,135.865775304158,54128.206161,232.654692970075,229.890346898255,1
1.25,-0.08,0.561,0.577,0.442417,0.665144345236431,1.883621,1.37245072771302,1.252557383915,0,-24.1705429879498,211.688,49.548,-29.197,77.3463333333333,15085.9563083333,122.824901010884,48119.278457,219.361068690413,217.409322817583,1
0.785,-0.108,0.378,0.351666666666667,0.199882333333333,0.447082020811991,0.770773,0.877936785879257,0.792394472469363,38.2793217379277,-25.712148264686,188.861,50.615,-16.776,74.2333333333333,10990.0131943333,104.833263777931,38511.789722,196.244209397373,195.525843678016,1
0.785,-0.08,0.195,0.3,0.195325,0.441955880150949,0.66065,0.812803789361246,0.789065903458006,38.2793217379277,-13.9503428133774,174.945,50.615,-16.776,69.5946666666667,9459.40627033333,97.2594790770202,33449.065426,182.890856594856,182.119826625219,1
1.21,0.092,0.195,0.499,0.381793,0.61789400385503,1.510589,1.22906021007923,1.21349248040521,0,-9.15490313521233,62.579,50.615,-0.117,37.6923333333333,1107.94358933333,33.2857865962836,6478.023155,80.486167476157,80.4860824366549,1
1.21,0.318,0.098,0.542,0.346768,0.588870104522211,1.574828,1.25492151148986,1.25108912552224,0,-4.63037770176838,52.417,50.615,-0.07,34.3206666666667,887.850266333333,29.7968163791593,5309.425014,72.8658014023039,72.8657677788411,1
0.898,0.318,0.098,0.438,0.1708,0.413279566395437,0.917132,0.957670089331394,0.952642640238196,26.103591118376,-6.22812190445468,52.417,-0.726,-0.07,17.207,929.915659,30.4945185074302,2748.073865,52.4220742149717,52.4220274789139,1
0.296,0.198,0.098,0.197333333333333,0.00980133333333333,0.0990016834873697,0.136424,0.369356196644919,0.356117957985834,72.7824885681997,-18.3187303626095,-27.143,13.964,-0.07,-4.41633333333333,436.614322333333,20.8953181917226,931.740645,30.5244270216494,30.524346757957,1
0.296,0.097,0.158,0.183666666666667,0.0103943333333333,0.10195260336712,0.121989,0.349269237122309,0.31148836254345,72.7824885681997,-28.0925766192909,-137.891,3.986,0.778,-44.3756666666667,6561.41099233333,81.0025369499828,19030.421361,137.950793259771,137.948599402096,1
0.957,0.097,0.158,0.404,0.230287,0.479882277230573,0.950222,0.974793311425556,0.961903321545362,16.8632195997888,-9.37492193418653,-137.891,3.986,0.778,-44.3756666666667,6561.41099233333,81.0025369499828,19030.421361,137.950793259771,137.948599402096,1
1.009,0.238,0.158,0.468333333333333,0.220840333333333,0.469936520535842,1.099689,1.04866057425651,1.0366894424079,0,-8.89971270730757,-137.891,3.986,0.295,-44.5366666666667,6539.67953433333,80.868285095786,19029.903102,137.948914827192,137.948599402096,1
1.009,0.238,0.119,0.455333333333333,0.233450333333333,0.483166982867552,1.088886,1.04349700526643,1.0366894424079,0,-6.7263096321875,-128.431,0.985,0.21,-42.412,5549.601427,74.4956470339039,16495.536086,128.434948849602,128.434777167245,1
