0.966,0.151,0.103,0.406666666666667,0.235216333333333,0.484991065209797,0.966566,0.983140885122778,0.977730535474882,14.9835710861711,-6.08618233796509,-1.996,0.415,0.1,-0.493666666666667,1.71756033333333,1.31055726060838,4.166241,2.04113718304283,2.03868609648469,1
0.966,0.151,0.103,0.406666666666667,0.235216333333333,0.484991065209797,0.966566,0.983140885122778,0.977730535474882,14.9835710861711,-6.08618233796509,-2.881,0.415,0.1,-0.788666666666667,3.30820033333333,1.81884587948879,8.482386,2.91245360478068,2.91073633295769,1
0.968,0.155,0.11,0.411,0.233193,0.482900610892138,0.973149,0.986483147347181,0.980331066528038,14.533746901085,-6.48307369289724,-3.675,0.781,0.07,-0.941333333333333,5.73108033333333,2.39396748794409,14.120486,3.75772351297963,3.75707146591597,1
0.971,0.156,0.11,0.412333333333333,0.234610333333333,0.484365908516829,0.979277,0.989584256139921,0.983451574811897,13.8322171834636,-6.46321334584646,-5.017,0.933,0.07,-1.338,10.337473,3.2151940843439,26.045678,5.10349664445858,5.10301655886006,1
0.972,0.161,0.11,0.414333333333333,0.233894333333333,0.483626233090528,0.982805,0.991365220289677,0.985243624693913,13.5904939668059,-6.45662012835508,-6.971,0.933,0.253,-1.92833333333333,19.1869653333333,4.38029283648175,49.529339,7.03770836281243,7.03315931854241,1
0.978,0.167,0.112,0.419,0.235117,0.484888647010837,0.996917,0.998457310053865,0.992155733743448,12.0406077411656,-6.53301953318918,-7.825,-1.417,0.802,-2.81333333333333,20.0685923333333,4.47979824694521,63.881718,7.99260395615847,7.95226470887382,1
0.978,0.167,0.112,0.419,0.235117,0.484888647010837,0.996917,0.998457310053865,0.992155733743448,12.0406077411656,-6.53301953318918,-10.053,-2.088,2.725,-3.13866666666667,41.6472463333333,6.45346777580344,112.848178,10.6230023063162,10.2675485389649,1
0.978,0.137,0.11,0.408333333333333,0.243572333333333,0.493530478626531,0.987353,0.993656379237813,0.987548986126764,12.0406077411656,-6.41734041496677,-13.166,-2.088,3.06,-4.06466666666667,68.7511773333333,8.29163297145582,187.0669,13.6772402186991,13.330540124091,1
0.972,0.114,0.108,0.398,0.247116,0.497107634220196,0.969444,0.984603473485646,0.978662352397394,13.5904939668059,-6.34019174590991,-15.821,0.048,3.06,-4.23766666666667,102.898244333333,10.1438771844563,259.669945,16.1142776754033,15.8210728144459,1
0.972,0.114,0.108,0.398,0.247116,0.497107634220196,0.969444,0.984603473485646,0.978662352397394,13.5904939668059,-6.34019174590991,-16.278,0.262,-0.297,-5.43766666666667,88.2127403333333,9.39216377270612,265.130137,16.2828172316709,16.2801083534478,1
0.987,0.131,0.112,0.41,0.249787,0.499786954611663,1.003874,1.00193512764051,0.995655562933287,9.24870479102892,-6.47395596867231,-16.278,0.262,-2.83,-6.282,77.330128,8.79375505685711,273.050828,16.5242496955232,16.2801083534478,1
0.987,0.157,0.112,0.418666666666667,0.242758333333333,0.492705118030383,1.011362,1.00566495414725,0.999408825256211,9.24870479102892,-6.47395596867231,-16.126,0.262,-2.83,-6.23133333333333,75.8184373333333,8.70737832721959,268.12542,16.3745357186089,16.1281282236966,1
0.965,0.18,0.091,0.412,0.231337,0.480975051328029,0.971906,0.985852930208152,0.981644029167396,15.203604093293,-5.38709099332673,-12.067,0.262,-1.67,-4.49166666666667,43.9724123333333,6.6311697560335,148.470033,12.1848279840136,12.0698439509382,1
0.965,0.18,0.091,0.412,0.231337,0.480975051328029,0.971906,0.985852930208152,0.981644029167396,15.203604093293,-5.38709099332673,-6.116,0.689,-1.67,-2.36566666666667,11.9399703333333,3.45542621587169,40.669077,6.37723113898187,6.15468740067276,1
0.965,0.18,0.104,0.416333333333333,0.227220333333333,0.476676340228182,0.974441,0.987137781669813,0.981644029167396,15.203604093293,-6.15114048001722,-1.325,3.375,-2.097,-0.0156666666666667,8.77146133333333,2.96166529731726,17.543659,4.18851513068772,3.6257757790575,1
0.966,0.179,0.107,0.417333333333333,0.227072333333333,0.476521073336042,0.976646,0.988254015929103,0.982444400462438,14.9835710861711,-6.32066131392696,1.666,3.375,-2.097,0.981333333333334,7.83727233333333,2.79951287429319,18.56359,4.30854847947659,3.76379874594803,1
0.969,0.178,0.109,0.418666666666667,0.228340333333333,0.477849697429363,0.982526,0.991224495258264,0.985213174901757,14.3036487216306,-6.418056856995,2.215,0.567,-1.945,0.279,4.388608,2.09490047496295,9.010739,3.00178929973441,2.28641947157559,1
0.971,0.178,0.111,0.42,0.228823,0.478354471077673,0.986846,0.993401228104737,0.98718032800497,13.8322171834636,-6.52146592370662,3.558,0.567,-1.06,1.02166666666667,5.48652233333333,2.34233266922812,14.104453,3.75558956756459,3.60289508589967,1
0.972,0.141,0.111,0.408,0.238797,0.488668599359525,0.976986,0.988426021510968,0.982173609908147,13.5904939668059,-6.51481430568133,8.807,1.666,0.1,3.52433333333333,21.5430143333333,4.64144528496602,80.348805,8.96374949449169,8.9631916748444,1
0.972,0.141,0.111,0.408,0.238797,0.488668599359525,0.976986,0.988426021510968,0.982173609908147,13.5904939668059,-6.51481430568133,9.356,1.666,0.123,3.715,24.460873,4.94579346515804,90.325421,9.50396869733902,9.50317273335595,1
0.992,0.153,0.11,0.418333333333333,0.247282333333333,0.497274907202579,1.019573,1.00973907520706,1.00372954524613,7.25224686505943,-6.3275128836444,9.356,0.994,1.107,3.819,22.996969,4.79551550930659,89.748221,9.47355376825402,9.4086541014111,1
0.992,0.153,0.107,0.417333333333333,0.248210333333333,0.498207118910733,1.018922,1.00941666322684,1.00372954524613,7.25224686505943,-6.15628782783366,9.356,-1.386,1.107,3.02566666666667,31.6086023333333,5.62215282016892,90.681181,9.52266669583683,9.45810403833665,1
0.977,0.151,0.107,0.411666666666667,0.240185333333333,0.490087067094545,0.988779,0.994373672217844,0.988600020230629,12.3122515058189,-6.2500636277561,9.356,-1.386,0.145,2.705,33.762841,5.8105800915227,89.476757,9.45921545372554,9.45810403833665,1
0.977,0.139,0.107,0.407666666666667,0.243361333333333,0.493316666385126,0.985299,0.992622284658167,0.986838385957903,12.3122515058189,-6.2500636277561,9.143,-1.386,0.145,2.634,32.361301,5.68869941199216,85.53647,9.24859286594453,9.2474561366897,1
0.977,0.139,0.107,0.407666666666667,0.243361333333333,0.493316666385126,0.985299,0.992622284658167,0.986838385957903,12.3122515058189,-6.2500636277561,9.143,-0.989,0.527,2.89366666666667,29.8651893333333,5.46490524468022,84.850299,9.21142220289571,9.19633459591375,1
0.977,0.139,0.099,0.405,0.245788,0.495770108013785,0.983651,0.991791812831705,0.986838385957903,12.3122515058189,-5.786066306297,8.258,-0.379,0.527,2.802,22.531161,4.746700011587,68.615934,8.28347354676768,8.26669250668005,1
0.977,0.142,0.099,0.406,0.244993,0.494967675712263,0.984494,0.992216710199944,0.987265415174663,12.3122515058189,-5.786066306297,7.922,-0.318,-0.968,2.212,24.5587,4.95567351628414,63.796232,7.98725434677023,7.9283799101708,1
0.977,0.142,0.102,0.407,0.244075,0.49403947210724,0.985097,0.992520528754947,0.987265415174663,12.3122515058189,-5.96015785976459,7.922,0.445,-1.945,2.14066666666667,26.4958863333333,5.14741550035873,66.739134,8.16940230371843,7.9344885783521,1
0.972,0.148,0.111,0.410333333333333,0.236944333333333,0.486769281419168,0.979009,0.989448836474125,0.983202929206377,13.5904939668059,-6.51481430568133,11.218,2.886,-3.47,3.54466666666667,54.2597173333333,7.3661195573608,146.21342,12.0918741310022,11.5832862349162,1
0.972,0.148,0.112,0.410666666666667,0.236645333333333,0.486462057444703,0.979232,0.98956151905781,0.983202929206377,13.5904939668059,-6.57299498647337,12.866,4.962,-3.47,4.786,66.739456,8.16942201137877,202.1963,14.2195745365324,13.7896845504167,1
0.972,0.155,0.112,0.413,0.234823,0.48458538979214,0.981353,0.990632626153611,0.984280955825114,13.5904939668059,-6.57299498647337,12.866,8.929,-4.02,5.925,78.052261,8.83471906740673,261.421397,16.1685310711889,15.6608108666186,1
0.968,0.162,0.106,0.412,0.232636,0.482323542863087,0.974504,0.987169691593092,0.981462174513109,14.533746901085,-6.24922551329403,4.901,8.929,-4.02,3.27,43.914271,6.62678436347525,119.907242,10.9502165275395,10.185619372429,1
0.965,0.193,0.106,0.421333333333333,0.223572333333333,0.472834361413522,0.97971,0.989803010704655,0.984110766123407,15.203604093293,-6.26849873650089,-5.292,2.124,-19.553,-7.57366666666667,121.377584333333,11.0171495557305,414.836449,20.3675341904709,5.70233636328128,1
0.961,0.225,0.12,0.435333333333333,0.210000333333333,0.458257933191923,0.988546,0.994256506139135,0.986988348462128,16.0543080742742,-7.11767826242641,-7.184,1.666,-26.786,-10.768,212.012868,14.56066166079,771.875208,27.7826422069608,7.37464656780242,1
0.961,0.244,0.12,0.441666666666667,0.206124333333333,0.45400917758712,0.997457,0.998727690614414,0.991492309602046,16.0543080742742,-7.11767826242641,-7.184,1.666,-27.305,-10.941,220.415997,14.8464136073329,799.948437,28.2833597190999,7.37464656780242,1
0.961,0.244,0.11,0.438333333333333,0.209374333333333,0.457574401964679,0.995157,0.997575561047884,0.991492309602046,16.0543080742742,-6.52989051683749,-7.062,2.032,-27.305,-10.7783333333333,225.523242333333,15.0174312827905,799.563893,28.2765608410924,7.34852828803156,1
0.982,0.243,0.107,0.444,0.221707,0.470857727981606,1.034822,1.01726201147983,1.01161899942617,10.887482877261,-6.21849044087314,-6.055,2.032,-24.406,-9.47633333333333,183.521102333333,13.5469960630884,636.444885,25.2278593027629,6.38686535007589,1
0.982,0.232,0.107,0.440333333333333,0.223958333333333,0.473242362150023,1.029597,1.0146905932352,1.00903320064307,10.887482877261,-6.21849044087314,-6.055,-1.996,-17.814,-8.62166666666667,67.4931143333333,8.21541930356165,357.985637,18.9205083705486,6.37550319582698,1
0.963,0.23,0.107,0.433333333333333,0.214192333333333,0.462809175938997,0.991718,0.995850390369959,0.990085349856264,15.6345989010195,-6.34019174590991,-8.832,-5.414,-11.771,-8.67233333333333,10.1219823333333,3.18150629943323,245.872061,15.6803080645758,10.3593252676031,1
0.951,0.195,0.104,0.416666666666667,0.216204333333333,0.464977777246755,0.953242,0.976341128909358,0.970786279260271,18.010475910494,-6.24098410031302,-9.076,-7.551,-9.055,-8.56066666666667,0.764680333333333,0.874460023862345,221.384402,14.8789919685441,11.8064125372613,1
0.936,0.183,0.092,0.403666666666667,0.214604333333333,0.463254069958736,0.918049,0.958148735844284,0.953721657508101,20.6096929375321,-5.61360502952309,-11.67,-7.551,-6.858,-8.693,6.766959,2.60133792499168,240.238665,15.4996343505258,13.8998741361208,1
0.936,0.149,0.051,0.378666666666667,0.235366333333333,0.485145682587543,0.900898,0.949156467606896,0.947785313243458,20.6096929375321,-3.11880144117279,-15.607,-4.926,-2.769,-7.76733333333333,47.2584423333333,6.87447760439536,275.511286,16.5985326459901,16.3659379505117,1
0.936,0.123,0.051,0.37,0.241563,0.491490589940438,0.893826,0.945423714532273,0.944047138653574,20.6096929375321,-3.11880144117279,-17.011,3.588,-1.304,-4.909,115.826719,10.7622822393766,303.948281,17.4341125670336,17.3852772482926,1
0.968,0.123,0.08,0.390333333333333,0.250736333333333,0.500735791943549,0.958553,0.979057199554755,0.975783275117995,14.533746901085,-4.72445169717089,-19.3,4.656,-1.304,-5.316,155.544592,12.4717517614808,395.868752,19.8964507387624,19.8536731110392,1
0.968,0.126,0.08,0.391333333333333,0.249937333333333,0.49993732940573,0.9593,0.979438614717635,0.976165969494942,14.533746901085,-4.72445169717089,-22.748,4.656,-1.304,-6.46533333333333,207.724325333333,14.4126446335616,540.850256,23.2561874777445,23.2196003410911,1
0.935,0.141,0.076,0.384,0.228757,0.47828547960397,0.899882,0.948621104551232,0.945571784689031,20.7718550453282,-4.64698082779256,-24.549,4.656,-0.053,-6.64866666666667,245.860120333333,15.6799273063791,624.334546,24.9866873754806,24.9866311654853,1
0.935,0.142,0.076,0.384333333333333,0.228514333333333,0.47803172837515,0.900165,0.948770256700746,0.945721417754721,20.7718550453282,-4.64698082779256,-24.549,10.913,2.389,-3.749,342.644644,18.5106629811036,727.454291,26.9713605700565,26.8653488717344,1
0.966,0.146,0.099,0.403666666666667,0.237716333333333,0.487561620037235,0.964273,0.981974032243216,0.976970828633076,14.9835710861711,-5.85149855159172,-22.443,10.913,2.786,-2.91466666666667,302.528884333333,17.3933574773053,630.543614,25.1106275110759,24.9555969273428,1
0.97,0.187,0.127,0.428,0.221223,0.470343491503816,0.991998,0.995990963814431,0.987860820156362,14.0698677475721,-7.45918345595823,-21.192,10.76,3.06,-2.45733333333333,278.063301333333,16.6752301733239,574.242064,23.9633483470069,23.7671719815379,1
0.97,0.23,0.145,0.448333333333333,0.205908333333333,0.453771234581186,1.014825,1.00738522919487,0.996895180046528,14.0698677475721,-8.50187941148145,-18.842,10.76,4.952,-1.04333333333333,246.027617333333,15.6852675250801,495.320868,22.2558052651437,21.6978930774396,1
0.935,0.279,0.145,0.453,0.178732,0.422767075350009,0.973091,0.986453749549364,0.975738694528407,20.7718550453282,-8.81522102322316,-11.945,16.162,8.889,4.36866666666667,212.825922333333,14.5885544977333,482.90759,21.975158474969,20.0970960340045,1
0.935,0.279,0.146,0.453333333333333,0.178424333333333,0.422403046074875,0.973382,0.986601236569264,0.975738694528407,20.7718550453282,-8.87505108076526,-4.743,16.162,10.934,7.451,118.353223,10.8790267487492,403.258649,20.0813009787713,16.8435831401754,1
0.976,0.254,0.27,0.5,0.169996,0.412305711820731,1.089992,1.04402681957888,1.00850979172242,12.5781186557826,-15.4635382531583,0.354,16.162,16.702,11.0726666666667,86.2402613333334,9.28656348351388,540.292364,23.2441898976927,16.1658764068021,1
0.976,0.232,0.27,0.492666666666667,0.175569333333333,0.41900994419385,1.0793,1.03889364229453,1.00319489631876,12.5781186557826,-15.4635382531583,0.903,16.162,16.702,11.2556666666667,80.4561803333333,8.96973691550278,540.982457,23.2590295799287,16.187206460659,1
0.965,0.207,0.248,0.473333333333333,0.181722333333333,0.426289025583973,1.035578,1.01763352932183,0.98695187319342,15.203604093293,-14.4128169274464,3.344,16.802,6.448,8.86466666666667,49.6596493333333,7.04696029031903,335.066244,18.3048147764461,17.1315364167958,1
0.961,0.154,0.248,0.454333333333333,0.194742333333333,0.441296196826274,1.008741,1.00436099087928,0.973261013294995,16.0543080742742,-14.4702941000659,15.673,16.802,6.448,12.9743333333333,32.2634303333333,5.68009069763268,569.526837,23.8647614067269,22.9771654692218,1
0.961,0.154,0.248,0.454333333333333,0.194742333333333,0.441296196826274,1.008741,1.00436099087928,0.973261013294995,16.0543080742742,-14.4702941000659,16.833,16.802,5.471,13.0353333333333,42.9145943333333,6.55092316649595,595.588934,24.4046908195945,23.7835466867328,1
0.91,0.172,0.237,0.439666666666667,0.166966333333333,0.408615140851796,0.913853,0.955956588972533,0.926112304205057,24.4946484714197,-14.597803928335,16.955,16.528,5.471,12.9846666666667,42.3869723333333,6.51052780758468,590.57865,24.3018240056174,23.6779815229255,1
0.905,0.172,0.237,0.438,0.164623,0.40573759993375,0.904778,0.951198191756061,0.921199761181037,25.1767169406097,-14.6749825020141,18.725,16.314,5.471,13.5033333333333,49.8420143333333,7.05988769976785,646.704062,25.4303767569417,24.8348992548792,1
0.905,0.157,0.256,0.439333333333333,0.165084333333333,0.406305714128331,0.90921,0.953525039000025,0.918517283451977,25.1767169406097,-15.7947720283656,19.458,15.46,1.565,12.161,88.202413,9.39161397204975,620.074589,24.9012969340956,24.8520696120062,1
0.912,0.142,0.256,0.436666666666667,0.172705333333333,0.415578311914052,0.917444,0.95783297082529,0.922988623981899,24.2167834132925,-15.6795241224193,19.458,15.46,-3.318,10.5333333333333,147.890577333333,12.1610269851412,628.634488,25.0725843901262,24.8520696120062,1
0.954,0.131,0.25,0.445,0.197851,0.444804451416575,0.989777,0.994875369078962,0.962952231421684,17.445987705778,-14.684421879447,19.458,15.46,-3.318,10.5333333333333,147.890577333333,12.1610269851412,628.634488,25.0725843901262,24.8520696120062,1
0.958,0.105,0.249,0.437333333333333,0.208504333333333,0.456622747279779,0.99079,0.995384347877743,0.963736997318252,16.6645713738191,-14.5697344506233,18.817,12.255,-0.51,10.1873333333333,96.5896663333333,9.82800418871163,504.524614,22.4616253641628,22.4558347428903,1
0.958,0.068,0.231,0.419,0.224533,0.473849132108522,0.975749,0.987800080988051,0.960410328974028,16.6645713738191,-13.5567920691299,15.826,6.61,-0.51,7.30866666666667,67.0823253333333,8.19038004816219,294.414476,17.1585103082989,17.150929304268,1
0.958,0.067,0.229,0.418,0.225261,0.474616687443668,0.974694,0.987265921623956,0.960340043942769,16.6645713738191,-13.4436955866536,12.622,6.61,-1.548,5.89466666666667,50.5810013333333,7.11203215215829,205.403288,14.3318975715011,14.2480519370193,1
0.971,0.067,0.224,0.420666666666667,0.233312333333333,0.483024153985423,0.997506,0.998752221524438,0.97330878964489,13.8322171834636,-12.9903072184374,12.042,6.61,-5.179,4.491,77.508331,8.80388158711826,215.523905,14.6807324408559,13.7368797039211,1
0.971,0.066,0.224,0.420333333333333,0.233666333333333,0.483390456394552,0.997373,0.998685636223932,0.973240463605989,13.8322171834636,-12.9903072184374,11.187,5.084,-5.79,3.49366666666667,73.9515023333333,8.59950593542055,184.520125,13.583818498493,12.2880439859239,1
0.971,0.037,0.214,0.407333333333333,0.246122333333333,0.496107179280177,0.990006,0.994990452215497,0.971704687649494,13.8322171834636,-12.4288042684072,9.723,1.361,-5.82,1.75466666666667,60.5124423333333,7.77897437541308,130.26145,11.4132138330971,9.81779252174337,1
0.972,0.037,0.214,0.407666666666667,0.246686333333333,0.496675279567378,0.991949,0.995966364893915,0.972703963187156,13.5904939668059,-12.4164142143407,5.694,-0.043,-7.011,-0.453333333333333,40.4805363333333,6.36243163682985,81.577606,9.03203221872021,5.69416236157699,1
0.972,0.039,0.209,0.406666666666667,0.246926333333333,0.496916827379928,0.989986,0.994980401817041,0.972782092762814,13.5904939668059,-12.135007003312,0.689,-0.959,-9.055,-3.10833333333333,27.2011093333333,5.21546827555622,83.387427,9.13167164324254,1.18084800037939,1
0.936,0.049,0.209,0.398,0.223483,0.472739886195358,0.922178,0.960300994480376,0.937281707919236,20.6096929375321,-12.5871273017248,-2.851,-0.959,-11.222,-5.01066666666667,29.8304123333333,5.46172246945351,134.981166,11.6181395240374,3.00796974718829,1
0.936,0.079,0.209,0.408,0.213313,0.461858203348171,0.926018,0.962298290552363,0.939327951250254,20.6096929375321,-12.5871273017248,-2.851,0.628,-14.182,-5.46833333333333,59.9718503333333,7.74414942607213,209.651709,14.4793545781571,2.91934667348707,1
0.955,0.079,0.21,0.414666666666667,0.223260333333333,0.472504320967897,0.962366,0.98100254841667,0.958261968357296,17.2538531173573,-12.4016958167213,0.598,2.429,-16.868,-4.61366666666667,113.464654333333,10.6519788928318,290.787069,17.0524798489838,2.50152853271755,1
0.962,0.078,0.21,0.416666666666667,0.227397333333333,0.476861964653644,0.975628,0.987738831878144,0.96515698205007,15.8458075497508,-12.3142177780221,3.863,3.924,-19.675,-3.96266666666667,185.158994333333,13.6073140014234,417.42617,20.4310100092971,5.50640944718062,1
0.962,0.067,0.21,0.413,0.231163,0.480794134739599,0.974033,0.986931101951904,0.964330337591844,15.8458075497508,-12.3142177780221,3.863,3.924,-24.161,-5.458,262.352587,16.1973018432083,614.074466,24.780525942764,5.50640944718062,1
1.019,0.065,0.158,0.414,0.276681,0.526004752830238,1.06755,1.03322311240119,1.02107100634579,0,-8.81375291705306,1.269,2.948,-24.161,-6.648,230.733637,15.1899189267093,594.054986,24.3732432392573,3.20952722375119,1
1.019,0.065,0.158,0.414,0.276681,0.526004752830238,1.06755,1.03322311240119,1.02107100634579,0,-8.81375291705306,-6.36,2.948,-11.039,-4.817,50.694679,7.12001959266967,170.999825,13.0766901393281,7.01001455062684,1
1.121,0.112,0.266,0.499666666666667,0.295470333333333,0.543571829046846,1.339941,1.15755820587995,1.12658111115001,0,-13.3487271132874,-12.128,19.458,-11.039,-1.23633333333333,321.488054333333,17.9300879622308,647.561669,25.4472330322965,22.928195480674,1
1.191,0.214,0.475,0.626666666666667,0.255884333333333,0.505850109551568,1.689902,1.29996230714586,1.21007313828545,0,-21.7433254430212,-24.121,19.458,-11.191,-5.28466666666667,500.945890333333,22.3818205321492,1085.674886,32.949580968504,30.9909084248913,1
1.202,0.238,0.696,0.712,0.232516,0.482199128991333,1.985864,1.40920686912887,1.22533587232236,0,-30.0723406614001,-36.634,19.458,-12.595,-9.92366666666667,791.930132333333,28.1412532118478,1879.297745,43.3508678690519,41.4808837900062,1
1.202,0.358,0.715,0.758333333333333,0.179492333333333,0.423665355361202,2.084193,1.44367343952848,1.25418021033662,0,-30.7459563346958,-36.634,18.054,-20.347,-12.9756666666667,788.446752333333,28.0792940141545,2081.997281,45.6289083915011,40.8411174186016,1
1.066,0.526,0.715,0.769,0.075087,0.27402007225749,1.924257,1.38717590809529,1.1887102254124,0,-33.8510103035582,-29.737,-34.681,-20.347,-28.255,53.013132,7.28101174288299,2501.061339,50.0106122637986,45.684361985257,1
0.681,0.764,0.31,0.585,0.058441,0.24174573419194,1.143557,1.06937224575917,1.02345346743269,47.0781639225891,-24.475641415563,-23.206,-37.122,-11.71,-24.0126666666667,161.930469333333,12.7251903456622,2053.68542,45.3176060709301,43.7785486282951,1
0.681,0.764,0.16,0.535,0.107191,0.327400366523924,1.073057,1.03588464608758,1.02345346743269,47.0781639225891,-13.2217605544716,-16.645,-37.122,-5.485,-19.7506666666667,257.458816333333,16.045523248973,1685.184134,41.050994311953,40.6829068405885,1
0.713,0.409,0.16,0.427333333333333,0.0767043333333333,0.276955471751929,0.70125,0.837406711222211,0.821979318474619,44.5204692285358,-12.6478725389765,-5.75,-23.267,-5.485,-11.5006666666667,103.852506333333,10.1908049894664,604.501014,24.5866023272839,23.9669728793605,1
0.722,0.202,0.308,0.410666666666667,0.0755053333333333,0.274782338102967,0.656952,0.81052575529714,0.749725283020387,43.7801480371937,-23.1027462077427,-1.355,0.201,-8.109,-3.08766666666667,19.5156253333333,4.41764929949553,67.632307,8.2238863683784,1.36982699637582,1
0.939,0.202,0.375,0.505333333333333,0.148532333333333,0.385398927519698,1.06315,1.03109165450992,0.960481650006912,20.1157080544961,-21.7698415669493,-1.355,5.694,-44.303,-13.3213333333333,732.319852333333,27.0614089125702,1997.01347,44.6879566550094,5.85300444216472,1
0.952,0.259,0.375,0.528666666666667,0.137772333333333,0.371176956899716,1.11401,1.05546672140812,0.986602756939185,17.8242358246438,-21.4998555364835,-4.316,5.694,-45.402,-14.6746666666667,733.176785333333,27.0772374021674,2112.391096,45.9607560425196,7.14489272137798,1
0.952,0.259,0.277,0.496,0.156033,0.395010126452475,1.050114,1.02475070139034,0.986602756939185,17.8242358246438,-16.223220307421,-14.539,-17.927,-45.402,-25.956,286.479823,16.9257148445789,2594.101454,50.9323222914487,23.0815911496586,1
0.777,0.252,0.257,0.428666666666667,0.0910083333333333,0.301675874629267,0.733282,0.856318865843793,0.816843314228622,39.013286997129,-18.3021149507592,-27.387,-17.927,-30.082,-25.132,40.749775,6.3835550440174,1976.351822,44.4561786706865,32.732630477858,1
0.777,0.252,0.242,0.423666666666667,0.0936583333333333,0.306036490199018,0.725797,0.851937204258624,0.816843314228622,39.013286997129,-17.2994252440749,-48.474,-17.927,-30.082,-32.161,236.521483,15.3792549559463,3576.032729,59.7999392056547,51.682743783588,1
0.777,0.301,0.178,0.418666666666667,0.100084333333333,0.316361080623602,0.726014,0.852064551545245,0.833264663837367,39.013286997129,-12.9030298222771,-48.474,-26.197,-41.434,-38.7016666666667,129.665416333333,11.3870723337183,4752.787841,68.9404659180659,55.1000134754974,1
0.79,0.326,0.178,0.431333333333333,0.101957333333333,0.319307584208915,0.76206,0.872960480205147,0.854620383562199,37.8144885060141,-12.6976402166498,-45.362,-26.197,-52.238,-41.2656666666667,182.118380333333,13.4951243170759,5472.802497,73.9783920952598,52.3831447414147,1
0.809,0.326,0.179,0.438,0.108633,0.32959520627582,0.792798,0.890392048482016,0.872213849924432,36.0016565345641,-12.4763047186642,-45.362,-26.197,-52.238,-41.2656666666667,182.118380333333,13.4951243170759,5472.802497,73.9783920952598,52.3831447414147,1
0.847,0.277,0.216,0.446666666666667,0.121130333333333,0.348037833192504,0.840794,0.916948199191208,0.8911442083075,32.1131432486579,-14.3065045744206,-48.658,-25.586,-51.139,-41.7943333333333,198.571392333333,14.091536194941,5637.441681,75.0828987253422,54.9749430195248,1
0.847,0.277,0.216,0.446666666666667,0.121130333333333,0.348037833192504,0.840794,0.916948199191208,0.8911442083075,32.1131432486579,-14.3065045744206,-62.421,-23.45,-40.58,-42.1503333333333,381.534170333333,19.5328996908634,6093.020141,78.0578000010249,66.6804599639205,1
0.847,0.291,0.211,0.449666666666667,0.120005333333333,0.346417859431833,0.846611,0.920114666767137,0.895594774437636,32.1131432486579,-13.9884837294635,-74.201,-23.45,-40,-45.8836666666667,669.879150333334,25.8820236908425,7655.690901,87.4968050902432,77.8183198289452,1
0.841,0.349,0.202,0.464,0.111999,0.334662516574534,0.869886,0.932676792892372,0.910539400575285,32.7541317160678,-13.5060396672499,-78.29,-24.793,-40,-47.6943333333333,759.884326333333,27.5659994618975,8344.016949,91.3455907474466,82.1219638647299,1
0.841,0.349,0.202,0.464,0.111999,0.334662516574534,0.869886,0.932676792892372,0.910539400575285,32.7541317160678,-13.5060396672499,-78.9,-34.589,-42.808,-52.099,555.608191,23.5713425794968,9254.133785,96.1984084327802,86.1487604147616,1
0.855,0.35,0.192,0.465666666666667,0.119926333333333,0.346303816515691,0.890389,0.943604260270162,0.923864167505159,31.2402652161817,-12.6564624095786,-79.663,-37.458,-43.571,-53.564,520.210543,22.8081244954512,9647.727374,98.2228454790432,88.0300819776967,1
0.886,0.353,0.192,0.477,0.131941,0.363236837338946,0.946469,0.972866383425802,0.953732142689969,27.6251660543638,-12.22718160126,-87.842,-37.458,-43.571,-56.2903333333333,755.972944333333,27.4949621627914,11017.750769,104.965474176036,95.4951241058935,1
0.886,0.426,0.177,0.496333333333333,0.129380333333333,0.359694778017882,0.997801,0.998899894884367,0.983093077994144,27.6251660543638,-11.2974957953544,-92.054,-37.458,-35.789,-55.1003333333333,1024.87650033333,32.0136923883099,11157.893201,105.630929187431,99.3833018167539,1
0.761,0.426,0.164,0.450333333333333,0.0895463333333333,0.299242933639766,0.787493,0.887408023402989,0.872122124475695,40.4475648381701,-12.1615832743853,-93.183,-34.742,-28.709,-52.2113333333333,1268.10737433333,35.6104952834601,10714.284734,103.509829166123,99.44887155217,1
0.761,0.412,0.034,0.402333333333333,0.132202333333333,0.363596387954189,0.750021,0.866037528055222,0.865369863122122,40.4475648381701,-2.55816276374337,-94.739,-8.344,-21.262,-41.4483333333333,2171.64004633333,46.6008588583229,9497.173101,97.4534406832309,95.1057330396018,1
0.776,0.366,0.015,0.385666666666667,0.145070333333333,0.380880996287992,0.736357,0.85811246349182,0.857981351778697,39.1042158089143,-1.1073836021958,-100.476,-6.666,-14.06,-40.4006666666667,2720.45206533333,52.1579530401005,10337.545732,101.673721934431,100.696882434363,1
0.776,0.357,0.015,0.382666666666667,0.145274333333333,0.381148702389675,0.72985,0.854312589161602,0.854180894190452,39.1042158089143,-1.1073836021958,-100.476,-6.666,-10.367,-39.1696666666667,2822.27423033333,53.1250809913108,10247.336821,101.229130298546,100.696882434363,1
0.735,0.357,0.263,0.451666666666667,0.0624173333333333,0.249834611960259,0.736843,0.858395596447232,0.817113211250436,42.6927838949378,-19.68838419661,-90.558,-4.041,-10.367,-34.9886666666667,2325.96767433333,48.2282870765004,8324.555734,91.239003359309,90.6481166103301,1
0.735,0.873,0.394,0.667333333333333,0.0607943333333333,0.246565069167012,1.45759,1.20730692038106,1.14120725549744,42.6927838949378,-28.1937305571942,-85.736,25.927,-34.629,-31.4793333333333,3124.59669233333,55.8980920276653,9222.038666,96.0314462350745,89.5704807679405,1
0.745,0.873,0.394,0.670666666666667,0.0615043333333333,0.2480006720421,1.47239,1.21342078439427,1.14767329846085,41.8409010713892,-27.8725303960908,-71.027,42.224,-34.629,-21.144,3342.831169,57.8172220795846,8026.868546,89.5927929355928,82.629903213062,1
0.745,0.547,0.394,0.562,0.030969,0.17598011251275,1.00947,1.00472384265528,0.9242478022695,41.8409010713892,-27.8725303960908,-71.027,42.224,0.802,-9.33366666666667,3283.49605433333,57.3017980026223,6828.344109,82.6337951990588,82.629903213062,1
0.485,0.344,0.736,0.521666666666667,0.0394243333333333,0.198555617733,0.895257,0.946180215392395,0.59460995618977,60.9875275911025,-56.6164205046542,-88.147,11.828,0.802,-25.1723333333333,3004.74965033333,54.8155967798704,7910.438397,88.9406453597004,88.9370293690991,1
0.485,0.344,0.736,0.521666666666667,0.0394243333333333,0.198555617733,0.895257,0.946180215392395,0.59460995618977,60.9875275911025,-56.6164205046542,-149.549,-8.802,-6.278,-54.8763333333333,6723.77800433334,81.9986463567133,22481.791889,149.93929401261,149.807805554317,1
0.623,0.661,0.637,0.640333333333333,0.000369333333333334,0.0192180470738661,1.230819,1.10942282291289,0.908322629906357,51.464457134081,-45.6365935759635,-149.549,-8.802,-9.147,-55.8326666666667,6587.09310633333,81.1609087327966,22526.046214,150.086795601745,149.807805554317,1
0.652,0.661,0.633,0.648666666666667,0.000204333333333334,0.0142945210949277,1.262714,1.12370547742725,0.928453014427763,49.3074364254746,-44.1528867799382,-90.223,-5.201,-10.612,-35.3453333333333,2265.98845433333,47.6023996699046,8279.854674,90.9937067823924,90.3727842328652,1
0.652,0.534,0.633,0.606333333333333,0.00401433333333333,0.0633587668230162,1.110949,1.0540156545327,0.842769244811413,49.3074364254746,-44.1528867799382,-60.254,-1.203,-17.325,-26.2606666666667,931.639754333333,30.5227743551161,3932.14735,62.7068365491355,60.2660080393583,1
0.726,0.431,0.752,0.636333333333333,0.0317903333333333,0.17829843895372,1.278341,1.13063743083271,0.844296748779717,43.4479002696954,-46.0078055694971,-60.254,0.872,-17.325,-25.569,985.069621,31.3858187881087,3931.460525,62.7013598337389,60.2603094914057,1
0.835,0.431,0.88,0.715333333333333,0.0611403333333333,0.247265714027104,1.657386,1.28739504426575,0.939673347499013,33.3841618063483,-46.5030429212835,-55.371,15.277,-13.358,-17.8173333333333,1262.69921633333,35.5344792607593,3477.770534,58.9726252934359,57.4398326076948,1
0.842,0.656,0.88,0.792666666666667,0.0143693333333333,0.119872154119851,1.9137,1.3833654614743,1.06737996983267,32.6480787911503,-46.264161619625,-55.371,57.482,-12.809,-3.566,3248.024689,56.9914439982003,6534.198446,80.8343890061649,79.8130814152668,1
0.92,0.94,0.824,0.894666666666667,0.00384533333333333,0.0620107517559119,2.408976,1.55208762639227,1.31529464379659,23.073918065631,-41.8492835867323,-26.532,57.482,5.837,12.2623333333333,1795.55173033333,42.3739510823965,4042.197917,63.5782818028295,63.3097729264606,1
0.92,0.953,0.577,0.816666666666667,0.0433523333333334,0.208212231469079,2.087538,1.44483147806241,1.3246165482886,23.073918065631,-32.0948640989473,10.302,17.413,43.832,23.849,312.131797,17.667252106652,2330.587997,48.2761638596109,20.2322458713807,1
0.92,1.102,0.534,0.852,0.084124,0.290041376358615,2.34596,1.53165270214889,1.43555006878896,23.073918065631,-30.1323701667234,64.929,17.413,58.663,47.0016666666667,666.432585333333,25.815355611212,7960.335179,89.2207104824883,67.2234156377077,1
0.979,1.102,0.515,0.865333333333333,0.0958323333333334,0.309567978533526,2.43807,1.56143203502426,1.47405732588662,11.7627870854941,-27.7464788397307,90.991,57.513,65.621,71.375,305.025508,17.4649794732201,15893.222891,126.068326279839,107.643426413321,1
1.149,0.798,0.515,0.820666666666667,0.100874333333333,0.317607199750467,2.22223,1.49071459374355,1.39892994821042,0,-24.1426783169058,162.524,57.513,107.919,109.318666666667,2758.29683033333,52.5194900045053,41368.306306,203.392001578233,172.400103668762,1
1.149,0.541,0.35,0.68,0.174091,0.417242135935478,1.735382,1.31733898446831,1.26999291336606,0,-16.9414019878142,204.547,16.314,107.919,109.593333333333,8860.01811633333,94.1276692388234,53752.132366,231.845061120568,205.196544330064,1
0.715,0.512,0.237,0.488,0.057553,0.23990206335086,0.829538,0.910789767180111,0.879414009440377,44.3568008382507,-18.338734338192,227.832,-40.937,67.391,84.762,18285.507571,135.223916416439,58124.805074,241.090864766793,231.480578435859,1
0.654,-0.056,0.237,0.278333333333333,0.127306333333333,0.356800130792203,0.487021,0.697868898862817,0.656393174857874,49.1561319161379,-19.9197729668036,227.832,-54.7,33.73,68.954,20886.630388,144.52207578083,56037.223124,236.721826463045,234.306445118353,1
0.654,-0.237,0.397,0.271333333333333,0.210314333333333,0.458600407035726,0.641494,0.800933205704446,0.695618429888111,49.1561319161379,-31.2591591889394,227.832,-54.7,33.73,68.954,20886.630388,144.52207578083,56037.223124,236.721826463045,234.306445118353,1
0.421,-0.267,0.397,0.183666666666667,0.152469333333333,0.390473217177995,0.406139,0.637290357686353,0.49852783272351,65.1022622231911,-43.3194323496863,216.815,-33.765,38.705,73.9183333333333,16627.5682333333,128.947928379379,49646.896475,222.81583533268,219.428392533874,1
0.391,-0.267,0.224,0.116,0.116989,0.342036547754768,0.274346,0.523780488372753,0.473465943865026,66.9832633602246,-29.8079649813474,216.815,-33.765,77.096,86.7153333333333,15766.9827803333,125.566646767099,54092.612666,232.57818613533,219.428392533874,1
0.334,-0.267,0.224,0.097,0.102397,0.319995312465667,0.233021,0.482722487564025,0.427603788570681,70.4882600623584,-33.8481244478382,195.727,-115.064,89.669,56.7773333333333,24959.1577223333,157.984675593341,59589.312186,244.109221837275,227.043569882523,1
-0.053,0.212,0.483,0.214,0.071827,0.268005596956482,0.281042,0.530133945338346,0.218524598157736,93.0380997848944,-96.262061185911,115.405,-115.064,89.669,30.0033333333333,15948.9838243333,126.289286261081,34598.567682,186.006902242901,162.966371135274,1
-0.053,0.434,0.483,0.288,0.087811,0.29632920882019,0.424454,0.651501343053105,0.437224198781357,93.0380997848944,-96.262061185911,-75.605,-17.804,-66.337,-53.2486666666667,963.717252333333,31.0437957140124,10433.69601,102.145464950726,77.6730226075952,1
3.625,0.434,1.28,1.77966666666667,2.73287033333333,1.65313953837337,14.967381,3.86876995956079,3.65088770027236,0,-19.4483020208918,-161.42,-17.804,-66.337,-81.8536666666667,5336.96407233334,73.0545280754953,30773.996385,175.425187430426,162.398887976488,1
3.625,0.657,0.975,1.75233333333333,2.65544133333333,1.6295524948075,14.522899,3.81089215276423,3.68405673137643,0,-15.0543165596048,-161.42,-348.707,61.685,-149.480666666667,42212.3091763333,205.456343723754,151458.027474,389.176088003875,384.256409509328,1
0.634,0.657,0.975,0.755333333333333,0.0363223333333333,0.19058418962058,1.78423,1.33575072524779,0.913019715011675,50.6541442648415,-56.9658059034181,-161.42,-348.707,61.685,-149.480666666667,42212.3091763333,205.456343723754,151458.027474,389.176088003875,384.256409509328,1
0.634,1.013,0.975,0.874,0.043561,0.208712721222258,2.37875,1.54231968151872,1.19504184027171,50.6541442648415,-56.9658059034181,-77.1,149.401,-66.55,1.917,16341.473317,127.833772208286,32693.971301,180.814743041047,168.122184142962,1
0.634,1.013,0.959,0.868666666666667,0.0420303333333334,0.205013007717397,2.347806,1.53225520067644,1.19504184027171,50.6541442648415,-56.5310972313415,-77.1,149.401,-66.55,1.917,16341.473317,127.833772208286,32693.971301,180.814743041047,168.122184142962,1
0.415,0.826,0.023,0.421333333333333,0.161232333333333,0.401537461930183,0.85503,0.924678322445163,0.924392232767022,65.4806835166196,-3.17218354583875,-77.1,116.9,-7.896,10.6346666666667,9666.53920533334,98.3185598212938,19672.366816,140.258214789723,140.035781141821,1
0.28,0.042,-0.232,0.03,0.065644,0.256210850667961,0.133988,0.366043713236548,0.283132477826194,73.739795291688,39.6441749571448,-88.697,47.656,16.213,-8.276,5097.818493,71.3990090477452,10401.113514,101.985849577282,100.688887892359,1
0.204,-0.337,-0.783,-0.305333333333333,0.244294333333333,0.494261401824311,0.768274,0.876512407213954,0.393935273871229,78.2290337324386,75.3970002205883,-88.697,47.656,32.632,-2.803,5589.764571,74.7647281209529,11203.099569,105.844695516592,100.688887892359,1
-0.235,-0.337,-0.783,-0.451666666666667,0.0849373333333333,0.291440102479623,0.781883,0.88424148285409,0.410845469732843,103.591622773948,106.705957271984,-56.897,-0.379,32.632,-8.21466666666667,2049.90871433333,45.2759175979166,4302.259674,65.5916128327395,56.8982622757497,1
-0.235,-0.312,-0.338,-0.295,0.002869,0.0535630469633683,0.266813,0.516539446702766,0.390600819251573,103.591622773948,124.809586492256,-56.897,-39.228,-0.815,-32.3133333333333,822.157142333333,28.6732827268406,4776.768818,69.1141723382404,69.1093668976934,1
0.225,0.005,0.12,0.116666666666667,0.0121083333333333,0.110037872268294,0.06505,0.255049014897137,0.225055548698538,76.9971218370861,-28.072486935853,-122.968,-89.429,-0.815,-71.0706666666667,3983.11015433333,63.1118859988618,23119.33929,152.050449818473,152.048265577086,1
0.497,0.906,0.368,0.590333333333333,0.0788943333333333,0.280881350988871,1.203269,1.09693618775205,1.03336585970314,60.1982807150964,-36.5178258123761,-122.968,-173.81,67.086,-76.564,16122.719116,126.975269702411,49831.57652,223.229873717655,212.910885405138,1
0.497,1.366,0.701,0.854666666666667,0.206500333333333,0.454423077465629,2.604366,1.61380482091237,1.45360414143604,60.1982807150964,-54.6638487399717,45.611,-173.81,67.086,-20.371,17772.938947,133.315186483011,36790.810817,191.809308473286,179.694962146967,1
0.497,1.366,0.701,0.854666666666667,0.206500333333333,0.454423077465629,2.604366,1.61380482091237,1.45360414143604,60.1982807150964,-54.6638487399717,45.611,-14.966,42.764,24.4696666666667,1168.40520633333,34.1819426939625,4133.104173,64.2892228371132,48.0035881679693,1
0.834,0.773,0.642,0.749666666666667,0.00962433333333333,0.0981036866449642,1.705249,1.30585182926701,1.13713895369036,33.4881455011715,-37.5885071408211,45.611,-14.966,42.764,24.4696666666667,1168.40520633333,34.1819426939625,4133.104173,64.2892228371132,48.0035881679693,1
0.834,0.152,0.642,0.542666666666667,0.123681333333333,0.351683569893922,1.130824,1.06340208764136,0.847738167124732,33.4881455011715,-37.5885071408211,27.728,-129.56,147.378,15.182,19291.715548,138.894620298988,39274.910468,198.178985939478,132.493907724091,1
0.445,0.152,1.533,0.71,0.529459,0.727639333736158,2.571218,1.60350179295191,0.470243553916478,63.5766612341032,-73.8130176126938,27.728,-129.56,147.378,15.182,19291.715548,138.894620298988,39274.910468,198.178985939478,132.493907724091,1
0.445,0.519,1.533,0.832333333333333,0.369569333333333,0.607922144137992,2.817475,1.67853358619957,0.683656346419749,63.5766612341032,-73.8130176126938,4.046,1.355,0.158,1.853,3.965139,1.99126567790438,18.231105,4.26978980747296,4.26686547713893,1
0.727,0.519,0.428,0.558,0.023491,0.153267739593171,0.981074,0.990491797038219,0.893246886364571,43.3645204709447,-30.4862056960797,-75.849,2.8,0.158,-24.297,1994.951569,44.6648807118076,5760.935765,75.9008284869144,75.9006640353034,1
0.952,0.336,0.167,0.485,0.170707,0.413167036439259,1.047089,1.02327366818462,1.00955435712992,17.8242358246438,-9.94960234176669,-75.849,2.8,0.29,-24.253,1998.185437,44.7010675152171,5760.994901,75.9012180468799,75.9006640353034,1
0.952,0.314,0.167,0.477666666666667,0.174146333333333,0.417308439087126,1.032789,1.01626226929863,1.00244700608062,17.8242358246438,-9.94960234176669,-57.264,2.8,0.29,-18.058,1154.407852,33.9765779913163,3287.089796,57.3331474454351,57.3324140081333,1
0.974,0.123,0.224,0.440333333333333,0.216150333333333,0.464919706329312,1.013981,1.00696623577953,0.9817357078155,13.0939233205705,-12.951647113822,-4.926,-3.972,0.11,-2.92933333333333,7.15568933333333,2.67501202489509,40.05436,6.32885139658058,6.32789538472311,1
0.974,0.111,0.224,0.436333333333333,0.220006333333333,0.469048327289772,1.011173,1.00557098207934,0.980304544516652,13.0939233205705,-12.951647113822,-3.034,-3.972,0.11,-2.29866666666667,4.57121733333333,2.13804053594251,24.99404,4.99940396447417,4.99819367371854,1
0.974,0.111,0.224,0.436333333333333,0.220006333333333,0.469048327289772,1.011173,1.00557098207934,0.980304544516652,13.0939233205705,-12.951647113822,-3.034,-4.95,0.113,-2.62366666666667,6.53477233333333,2.55632007646408,33.720425,5.80692905071174,5.80582948423393,1
0.96,0.111,0.259,0.443333333333333,0.205684333333333,0.453524347012741,1.001002,1.00050087456234,0.966395881613741,16.260204708312,-15.098448972254,3.985,-3.972,0.113,0.042,15.832243,3.97897511929894,31.669778,5.6275907811425,5.62645616707355,1
0.958,0.095,0.259,0.437333333333333,0.210044333333333,0.458305938575242,0.99387,0.996930288435455,0.962698810636016,16.6645713738191,-15.1285263780914,3.985,-2.393,0.059,0.550333333333333,10.3507773333333,3.21726239733929,21.610155,4.64867239112416,4.64829796807391,1
0.937,-0.151,0.259,0.348333333333333,0.301921333333333,0.549473687571419,0.967851,0.983794185792943,0.949089036919087,20.4463011157792,-15.4515487906939,-10.999,0.92,-0.134,-3.40433333333333,43.5369503333333,6.59825358207256,121.842357,11.0382225471314,11.0374091615741,1
0.937,-0.209,0.296,0.341333333333333,0.329870333333333,0.574343393218146,1.009266,1.00462231709235,0.960026041313464,20.4463011157792,-17.5314211526507,-12.921,0.979,-0.231,-4.05766666666667,59.2850333333333,7.6996774824231,167.964043,12.9600942512005,12.9580354220846,1
1.22,-0.209,0.482,0.497666666666667,0.510694333333333,0.714628808076846,1.764405,1.32830907547905,1.23777259623891,0,-21.5580823272895,-20.063,0.979,-22.819,-13.9676666666667,169.451017333333,13.0173352623851,924.189171,30.4004797823982,20.0868715832008,1
1.222,-0.183,0.482,0.507,0.493975,0.70283355070742,1.759097,1.32630954154752,1.23562656170867,0,-21.5260290081112,-57.111,-1.165,-22.819,-27.0316666666667,795.798649333333,28.209903391067,3783.730307,61.5120338389164,57.1228811073111,1
1.222,0.024,0.472,0.572666666666667,0.366401333333333,0.605310939380194,1.716644,1.31020761713554,1.22223565649182,0,-21.1191557288664,-57.111,-21.528,-5.82,-28.153,690.609639,26.2794527911066,3758.993505,61.3106312559249,61.0337702014221,1
0.84,0.379,0.377,0.532,0.071149,0.266737698872881,0.99137,0.995675649998532,0.92154272825518,32.8598803788891,-24.1709971767391,-44.141,-22.352,-5.82,-24.1043333333333,369.427764333333,19.2205037481678,2481.912185,49.8187934920146,49.4776695591051,1
0.84,0.379,0.292,0.503666666666667,0.0867323333333333,0.294503537047237,0.934505,0.96669798799832,0.92154272825518,32.8598803788891,-19.1684251335201,-39.807,-22.352,-8.719,-23.626,242.833243,15.5831076169036,2160.230114,46.4782757210291,45.6531395744039,1
0.981,0.262,0.292,0.511666666666667,0.165430333333333,0.406731279020108,1.116269,1.05653632213947,1.01538416375281,11.18676388096,-16.5759239182672,-38.16,-22.352,-15.586,-25.366,134.209516,11.584883080981,2198.7209,46.8905203639286,44.2243994193251,1
0.988,0.236,0.321,0.515,0.169603,0.411828847945357,1.134881,1.06530793670187,1.01579525496037,8.88512427022808,-17.998916300775,-38.16,-22.352,-18.699,-26.4036666666667,106.994632333333,10.3438209735732,2305.450105,48.015102884405,44.2243994193251,1
1.009,0.236,0.321,0.522,0.179683,0.423890316001675,1.176818,1.08481242618252,1.03623211685413,0,-17.6477803549483,-38.16,-17.316,-21.964,-25.8133333333333,119.731109333333,10.9421711434858,2238.446752,47.3122262422727,41.9050051425841,1
1.009,0.237,0.262,0.502666666666667,0.192436333333333,0.43867565846914,1.142894,1.06906220586082,1.03646032244365,0,-14.5561304096517,-33.307,-17.316,-21.964,-24.1956666666667,67.6632723333334,8.22576879892289,1891.617401,43.4927281393108,37.5393141253273,1
0.949,0.258,0.142,0.449666666666667,0.190364333333333,0.436307613196622,0.987329,0.993644302554994,0.983445473831671,18.377480657165,-8.51009826793037,0.628,0.445,0.68,0.584333333333333,0.0152363333333333,0.123435543233436,1.054809,1.02703894765486,0.769681102795177,1
0.949,0.263,0.144,0.452,0.188797,0.434507767479478,0.990506,0.995241679191542,0.984769008448174,18.377480657165,-8.62816716066657,0.628,0.445,0.68,0.584333333333333,0.0152363333333333,0.123435543233436,1.054809,1.02703894765486,0.769681102795177,1
0.953,0.263,0.145,0.453666666666667,0.190481333333333,0.436441672315252,0.998403,0.999201180944058,0.988624296687068,17.6360936204484,-8.65126437868961,0.476,0.445,0.558,0.493,0.003409,0.05838664230798,0.735965,0.857884024795893,0.651614149631513,1
0.952,0.26,0.145,0.452333333333333,0.190556333333333,0.436527585993524,0.994929,0.997461277443892,0.986865745681752,17.8242358246438,-8.66021413416433,-0.104,0.567,0.265,0.242666666666667,0.112934333333333,0.336057038809386,0.40253,0.634452519894121,0.576459018491341,1
0.952,0.249,0.138,0.446333333333333,0.194854333333333,0.441423077481608,0.987349,0.993654366467536,0.984024898058987,17.8242358246438,-8.24802940215554,-0.226,0.567,0.131,0.157333333333333,0.157732333333333,0.397155301278144,0.389726,0.624280385724235,0.610381028538732,1
0.952,0.249,0.138,0.446333333333333,0.194854333333333,0.441423077481608,0.987349,0.993654366467536,0.984024898058987,17.8242358246438,-8.24802940215554,-1.355,0.567,-0.48,-0.422666666666667,0.925986333333333,0.96228183674708,2.387914,1.54528767548311,1.46884784780453,1
0.944,0.266,0.149,0.453,0.184233,0.429223717890799,0.984093,0.992014616827797,0.980760929074971,19.2654645653945,-8.96950983420464,-2.332,0.846,-0.48,-0.655333333333333,2.54797733333333,1.59623849512951,6.38434,2.52672515323689,2.48071360700908,1
0.939,0.266,0.15,0.451666666666667,0.181484333333333,0.426009780795387,0.974977,0.987409236335168,0.975949281469073,20.1157080544961,-9.07599759912093,-2.332,65.942,0.252,21.2873333333333,1497.19870533333,38.6936520030526,4353.849092,65.983703230419,65.9832220189345,1
0.939,0.262,0.15,0.450333333333333,0.182232333333333,0.42688679217485,0.972865,0.986339191150793,0.974866657548611,20.1157080544961,-9.07599759912093,0.842,65.942,0.252,22.3453333333333,1425.58903333333,37.7569733073685,4349.119832,65.9478569174162,65.9473754443647,1
0.939,0.262,0.15,0.450333333333333,0.182232333333333,0.42688679217485,0.972865,0.986339191150793,0.974866657548611,20.1157080544961,-9.07599759912093,1.3,-2.82,-3.501,-1.67366666666667,6.74796033333333,2.59768364766253,21.899401,4.67967958304839,3.1052214091752,1
0.944,0.306,0.144,0.464666666666667,0.178881333333333,0.422943652669399,1.005508,1.00275021815006,0.992356790675612,19.2654645653945,-8.67317404787977,1.3,-4.499,-3.928,-2.37566666666667,10.2144043333333,3.19599817480131,37.360185,6.11229784941801,4.68305466549345,1
0.953,0.311,0.139,0.467666666666667,0.184057333333333,0.42901903609669,1.024251,1.0120528642319,1.00246196935345,17.6360936204484,-8.29837141373319,7.892,-9.687,-13.236,-5.01033333333333,128.001504333333,11.3137749815582,331.313329,18.2020144214864,12.494864264969,1
0.959,0.311,0.118,0.462666666666667,0.194072333333333,0.440536415445231,1.030326,1.01504975247522,1.0081676447893,16.4635952022703,-7.01469085076144,10.089,-13.105,-14.06,-5.692,187.007977,13.6750859960733,471.212546,21.7074306632545,16.5387105301471,1
0.969,0.293,0.038,0.433333333333333,0.231460333333333,0.481103246022445,1.026254,1.01304195372156,1.01232899790533,14.3036487216306,-2.24574256589507,14.514,-13.105,-14.06,-4.217,263.365777,16.2285482098677,580.080821,24.0848670538162,19.554979442587,1
0.969,0.293,0.001,0.421,0.246544,0.496531972787252,1.024811,1.01232949181578,1.01232899790533,14.3036487216306,-0.0591287504364919,14.514,-13.105,-14.182,-4.25766666666667,264.571584333333,16.2656565909075,583.526345,24.1562899676254,19.554979442587,1
0.909,0.311,-0.005,0.405,0.215476,0.464193924992562,0.923027,0.960742941686276,0.960729930833843,24.6324773174015,0.31515512472808,5.328,-7.978,-14.182,-5.61066666666667,99.3632253333333,9.96811041939912,293.165192,17.1220673985357,9.59354303685557,1
0.909,0.311,-0.024,0.398666666666667,0.223386333333333,0.47263763427528,0.923578,0.961029656150111,0.960729930833843,24.6324773174015,1.51240848741316,4.229,-7.001,-14.182,-5.65133333333333,86.1074303333333,9.27940894310264,268.027566,16.3715474528219,8.17914677701776,1
0.973,0.282,-0.077,0.392666666666667,0.284810333333333,0.53367624392822,1.032182,1.01596358202447,1.01304146015847,13.3444767140332,4.52476847283419,-14.569,11.95,-11.1,-4.573,207.765637,14.4140777367128,478.268261,21.8693452348259,18.8429897043967,1
1.061,0.282,-0.077,0.422,0.338461,0.581774011107406,1.211174,1.1005335069865,1.09783650877533,0,4.1508520509434,-14.569,11.95,-7.499,-3.37266666666667,188.584310333333,13.7326002757429,411.293262,20.2803664168082,18.8429897043967,1
1.064,0.285,-0.077,0.424,0.339961,0.583061746301367,1.21925,1.10419654047638,1.10150851108832,0,4.1391892557262,-14.508,3.551,-4.478,-5.145,81.865537,9.04795761484325,243.144149,15.5930801639702,14.9362533789435,1
1.064,0.285,0.04,0.463,0.285907,0.534702721145124,1.214921,1.10223454854219,1.10150851108832,0,-2.15296278910046,-7.642,3.551,0.377,-1.238,33.276981,5.76862037232474,71.151894,8.43515820835626,8.42672919939878,1
0.932,0.408,0.145,0.495,0.160519,0.400648224755832,1.056113,1.02767358631036,1.01739274618999,21.2512439756827,-8.8431484160758,10.821,32.885,14.474,19.3933333333333,139.854904333333,11.8260265657292,1408.013942,37.5235118559018,34.6196081144776,1
0.932,0.571,0.17,0.557666666666667,0.145294333333333,0.381174937965934,1.223565,1.10614872417772,1.09300731928016,21.2512439756827,-10.3373025337498,15.185,32.885,41.787,29.9523333333333,183.367001333333,13.5413072239475,3058.160819,55.3006403127486,36.2216433917623,1
0.932,0.571,0.171,0.558,0.144907,0.380666520723848,1.223906,1.10630285184483,1.09300731928016,21.2512439756827,-10.3967878899178,28.033,34.869,42.916,35.2726666666667,55.4981323333334,7.44970686224185,3843.479306,61.9958007126289,44.7403201821355,1
0.782,0.186,0.174,0.380666666666667,0.120837333333333,0.347616647088906,0.676396,0.822432975992573,0.803815899320236,38.5559399777053,-12.5443224067179,30.352,34.869,42.916,36.0456666666667,40.5019323333334,6.36411284731292,3978.874121,63.0783173602467,46.2286822762665,1
0.782,0.022,0.194,0.332666666666667,0.158821333333333,0.398523943237208,0.649644,0.806004962763878,0.782309401707534,38.5559399777053,-13.932759330881,30.352,34.869,24.728,29.983,25.812091,5.08056010691735,2748.565049,52.426758902301,46.2286822762665,1
0.799,0.022,0.194,0.338333333333333,0.166556333333333,0.408113137908268,0.676521,0.822508966516475,0.799302821213587,36.9652847875256,-13.6475170050482,13.171,41.094,6.509,20.258,336.699733,18.3493796352901,1904.559158,43.6412552294271,43.1531236065247,1
0.799,0.039,0.176,0.338,0.164083,0.405071598609431,0.670898,0.819083634313371,0.799951248514558,36.9652847875256,-12.4224654060751,3.955,41.094,0.456,15.1683333333333,507.165894333333,22.5203440101019,1704.566797,41.2863996613897,41.2838813703363,1
0.556,0.226,0.145,0.309,0.047397,0.217708520733572,0.381237,0.617443924579391,0.600176640665063,56.2203800494122,-14.6166789542627,-56.867,-73.041,-18.363,-49.4236666666667,788.973329333333,28.088669055926,8906.043139,94.3718344581687,92.5680472409351,1
0.485,0.226,0.09,0.267,0.040267,0.200666389811548,0.294401,0.542587320161465,0.535071023323072,60.9875275911025,-10.5126271699213,-69.104,-73.041,-32.584,-58.243,497.663203,22.3083662109084,11172.067553,105.69800165093,100.550238672019,1
0.485,0.243,0.061,0.263,0.045244,0.212706370379451,0.297995,0.545889182893378,0.542470275683378,60.9875275911025,-7.1686314986958,-69.104,-64.283,-32.828,-55.405,388.101207,19.7002844395709,9985.344489,99.9266955773081,94.3804370884136,1
0.562,0.278,-0.054,0.262,0.095056,0.30831153076069,0.396044,0.629320268225965,0.626999202551327,55.8057757799617,5.48843930728508,-69.104,-48.627,-32.828,-50.1863333333333,330.810684333333,18.1882017894385,8217.625529,90.6511198441586,84.4982126734051,1
0.716,0.278,-0.09,0.301333333333333,0.162817333333333,0.403506299000813,0.59804,0.773330459764776,0.76807551712055,44.2747871600966,7.16440842211283,-68.616,-30.042,-25.077,-41.245,568.041537,23.833621986597,6239.533149,78.9907155873397,74.904453939669,1
0.776,0.258,-0.09,0.314666666666667,0.189897333333333,0.43577211169754,0.67684,0.82270286252085,0.817765247488544,39.1042158089143,6.61557222415049,-66.846,-9.443,-19.431,-31.9066666666667,940.507796333333,30.6676995605039,4935.121726,70.2504215361018,67.5096879343995,1
0.831,0.258,-0.168,0.307,0.251301,0.501299311788875,0.785349,0.886199187541943,0.870129300736391,33.7984003764101,11.4292156733299,-66.846,-9.443,-11.832,-29.3736666666667,1054.55865433333,32.473968872519,4697.554189,68.5387057727238,67.5096879343995,1
0.906,0.286,-0.168,0.341333333333333,0.290665333333333,0.539133873294318,0.930856,0.964808789346366,0.950069471144084,25.0416951929952,10.5050638699173,-87.079,-27.479,-9.696,-41.418,1642.753963,40.5309013346607,8431.860098,91.8251604844772,91.3118156757383,1
1.045,0.306,0.201,0.517333333333333,0.211580333333333,0.459978622691678,1.226062,1.1072768398192,1.08888061788242,0,-10.8875606226974,-87.171,-27.479,-2.555,-39.0683333333333,1890.70134933333,43.482195774056,8360.406707,91.4352596485623,91.3995551520903,1
1.22,0.761,0.201,0.727333333333333,0.260440333333333,0.510333551055908,2.107922,1.45186845134124,1.43788768685179,0,-9.35566883923041,-87.171,-37.183,-2.555,-42.303,1809.627664,42.5397186638558,8987.886755,94.8044659021926,94.7700307586739,1
1.22,0.761,-0.326,0.551666666666667,0.630394333333333,0.793973761111369,2.173797,1.4743802087657,1.43788768685179,0,14.9606437515632,-59.339,-52.533,-26.694,-46.1886666666667,296.611930333333,17.2224252163664,6993.402646,83.6265666280758,79.2517066693204,1
1.138,0.629,-0.326,0.480333333333333,0.552400333333333,0.743236391287007,1.796961,1.34050773962704,1.30026343484695,0,15.985286202795,-52.961,-64.252,-26.694,-47.969,371.340889,19.2702072900112,7645.756661,87.4400175034292,83.2657614208865,1
1.002,0.534,0.01,0.515333333333333,0.246277333333333,0.496263370936576,1.28926,1.13545585559281,1.13541181956152,0,-0.571795183473218,-52.961,-64.252,26.742,-30.157,2459.993821,49.5983247801778,7648.321589,87.454683059285,83.2657614208865,1
0.903,0.534,0.153,0.53,0.140637,0.375015999658681,1.123974,1.06017640041646,1.0490781667731,25.4447505453978,-9.61659157004995,-93.366,-64.252,26.742,-43.6253333333333,3925.57744933333,62.6544288086112,13560.664024,116.450264164578,113.338120065581,1
0.893,0.003,0.342,0.412666666666667,0.201770333333333,0.449188527606542,0.914422,0.956254150317791,0.893005039179511,26.7473194537985,-20.9557767306322,-103.894,-35.871,26.284,-37.827,4239.447373,65.1110387952765,12771.540533,113.011240737371,109.912200764974,1
0.783,-0.133,0.342,0.330666666666667,0.209860333333333,0.458105155322807,0.747742,0.864720764177662,0.794215336039289,38.4639207677326,-23.5948205698815,-103.894,-0.623,25.124,-26.4643333333333,4662.24196233333,68.2806119065532,11425.566741,106.890442701862,103.895867891846,1
0.783,-0.133,0.142,0.264,0.220927,0.470028722526613,0.650942,0.806809766921546,0.794215336039289,38.4639207677326,-10.2790868753513,-6.269,81.029,14.291,29.6836666666667,2082.93584133333,45.6391919443512,6809.231883,82.5180700392344,81.2711461836241,1
1.039,0.218,0.142,0.466333333333333,0.247404333333333,0.497397560642725,1.147209,1.07107842850092,1.06162375632801,0,-7.78239117065469,26.294,90.167,14.291,43.584,1663.499919,40.7860260260791,9025.695006,95.0036578558952,93.9226401087619,1
1.512,0.218,0.672,0.800666666666667,0.431025333333333,0.656525196266932,2.785252,1.66890742703123,1.52763477310514,0,-23.9624889745782,222.033,149.676,48.531,140.08,7594.798413,87.1481406169977,74056.816026,272.1338200702,267.771466114297,1
1.512,-0.173,0.805,0.714666666666667,0.715926333333333,0.846124301349,2.964098,1.72165559854461,1.52186497429963,0,-28.0311678712516,241.168,149.676,48.531,146.458333333333,9285.01847633333,96.3588007207091,82920.167161,287.958620570734,283.839583567902,1
0.919,-0.805,0.805,0.306333333333333,0.929545333333334,0.964129313595087,2.140611,1.46308270442925,1.22171436923693,23.2196761572292,-41.216807618759,241.168,60.015,-12.046,96.379,17021.087821,130.464891143173,61908.910565,248.815012740389,248.523247300932,1
0.904,-0.805,0.411,0.17,0.773731,0.879619804233625,1.634162,1.27834345932539,1.21047139577935,25.311065155487,-24.4487298266188,241.168,37.829,-52.695,75.434,22649.467711,150.497401010782,62369.80049,249.73946522326,244.116852070888,1
0.404,-0.744,0.411,0.0236666666666667,0.441996333333333,0.664828047944228,0.885673,0.941102013598951,0.846612071730613,66.1715228356389,-45.4920988891792,216.479,31.939,-52.695,65.241,18945.427972,137.642391624092,50660.020187,225.077809183846,218.822432949641,1
0.404,0.845,0.411,0.553333333333333,0.0638143333333333,0.252614990317941,1.046162,1.0228206098823,0.93661144558456,66.1715228356389,-45.4920988891792,151.477,2.39,1.107,51.658,7473.286093,86.4481699806306,22952.219078,151.49989794716,151.495853504312,1
2.357,0.882,0.153,1.13066666666667,1.26078033333333,1.12284475032541,6.356782,2.52126595185831,2.51661935937877,0,-3.71403161249026,28.552,2.39,1.181,10.7076666666667,239.180594333333,15.4654645689463,822.323565,28.6761846311534,28.6518551580871,1
2.357,1.028,0.644,1.343,0.808011,0.898894320818638,7.026969,2.65084307343909,2.57142625793547,0,-15.2818549491401,28.552,1.602,1.546,10.5666666666667,242.604945333333,15.5757807294958,820.173224,28.6386665890715,28.5969073153025,1
2.357,1.028,0.644,1.343,0.808011,0.898894320818638,7.026969,2.65084307343909,2.57142625793547,0,-15.2818549491401,-6.391,1.602,1.546,-1.081,21.147859,4.59868013673489,45.801401,6.76767323383746,6.58872407982001,1
1.203,1.028,0.644,0.958333333333333,0.0817603333333334,0.285937638888855,2.918729,1.70842881034007,1.58240102376104,0,-28.1614056066522,-9.9,0.863,0.341,-2.89866666666667,36.8321223333333,6.06894738264663,98.87105,9.94339227829215,9.93754340871022,1
1.118,0.47,0.644,0.744,0.112476,0.335374417629014,1.88556,1.37315694660152,1.21277532956438,0,-29.9431739163722,-62.36,0.48,0.201,-20.5596666666667,1310.47036033333,36.2004193391918,3889.040401,62.3621712338498,62.3618473106755,1
1.089,0.222,0.076,0.462333333333333,0.299862333333333,0.547596871186581,1.240981,1.11399326748414,1.11139776857793,0,-3.99213073267703,-62.36,-0.977,0.201,-21.0453333333333,1280.52318233333,35.7843985883979,3889.76453,62.3679767989952,62.3676529059736,1
0.99,0.222,0.076,0.429333333333333,0.241089333333333,0.491008486009492,1.03516,1.01742813013991,1.01458562970308,8.10961445599418,-4.38985385197417,-26.99,-7.941,0.364,-11.5223333333333,196.679790333333,14.0242572114652,791.652077,28.1363124271821,28.1339577912529,1
0.948,0.222,0.061,0.410333333333333,0.223294333333333,0.472540298105181,0.951709,0.975555739053387,0.973646753191321,18.5583536994437,-3.68167812827357,-14.264,-7.941,0.364,-7.28033333333333,53.8219563333333,7.33634488920289,266.653673,16.3295337655427,16.3254763177066,1
0.948,0.223,0.061,0.410666666666667,0.223106333333333,0.472341331383707,0.952154,0.975783787526725,0.973875248684348,18.5583536994437,-3.68167812827357,-8.557,-0.348,0.364,-2.847,24.579811,4.95780304167078,73.475849,8.5718054690946,8.56407338828901,1
0.948,0.26,0.061,0.423,0.216619,0.465423463095706,0.970025,0.984898471924899,0.983007629675375,18.5583536994437,-3.68167812827357,0.628,-0.348,0.233,0.171,0.241027,0.490945007103647,0.569777,0.754835743721772,0.717974929924437,1
0.957,0.26,0.055,0.424,0.223573,0.472835066381503,0.986474,0.993213974931887,0.991689971714951,16.8632195997888,-3.28924267849183,10.669,-53.954,0.233,-14.3506666666667,1203.54553233333,34.6921537574901,3024.915966,54.9992360492398,54.9987425038064,1
0.957,0.23,0.043,0.41,0.233149,0.48285505071398,0.970598,0.985189321907216,0.984250476250837,16.8632195997888,-2.57268812004588,10.669,-53.954,0.233,-14.3506666666667,1203.54553233333,34.6921537574901,3024.915966,54.9992360492398,54.9987425038064,1
0.957,0.222,0.043,0.407333333333333,0.234610333333333,0.484365908516829,0.966982,0.983352429193115,0.982411828104691,16.8632195997888,-2.57268812004588,-1.264,2.551,0.233,0.506666666666667,3.69472633333333,1.92216709297952,8.159586,2.85649890600364,2.84698033010416,1
0.952,0.222,0.043,0.405666666666667,0.231870333333333,0.481529161456846,0.957437,0.978487097513299,0.977541814962409,17.8242358246438,-2.58618184000338,-1.264,2.551,0.527,0.604666666666667,3.64308033333333,1.90868549880103,8.383026,2.89534557522932,2.84698033010416,1
0.952,0.213,0.042,0.402333333333333,0.233910333333333,0.483642774507522,0.953437,0.976440986440041,0.975537287857312,17.8242358246438,-2.52611691161956,4.718,2.49,0.619,2.609,4.211071,2.05208942300281,28.842785,5.37054792362939,5.33475622685798,1
0.952,0.195,0.029,0.392,0.242089,0.492025405848113,0.94517,0.972198539394089,0.971765918315723,17.8242358246438,-1.74481506420748,4.718,2.093,0.802,2.53766666666667,3.98206033333333,1.99551004340578,27.283377,5.22334921290928,5.16141191923295,1
0.962,0.195,0.029,0.395333333333333,0.247722333333333,0.497717121800459,0.96431,0.981992871664555,0.981564567412659,15.8458075497508,-1.72668873070019,4.718,2.093,1.443,2.75133333333333,3.00645833333333,1.73391416550339,28.722422,5.35933036861883,5.16141191923295,1
0.962,0.187,0.031,0.393333333333333,0.248620333333333,0.4986184245827,0.961374,0.980496812845406,0.980006632630616,15.8458075497508,-1.84569100228604,4.535,2.093,1.901,2.843,2.156364,1.46845633234359,28.560675,5.3442188390821,4.99468457462531,1
0.979,0.187,0.036,0.400666666666667,0.256552333333333,0.506509953834407,0.994706,0.997349487391456,0.996699553526538,11.7627870854941,-2.10594393728477,4.138,2.398,1.901,2.81233333333333,1.37979633333333,1.1746473229584,26.487249,5.14657643487396,4.782619365996,1
0.979,0.19,0.038,0.402333333333333,0.255184333333333,0.505157731142792,0.995985,0.997990480916527,0.997266764712431,11.7627870854941,-2.2228265469138,3.802,1391.964,0.218,465.328,643993.918636,802.492316870386,1937578.280024,1391.9692094382,1391.96919236742,1
0.967,0.19,0.038,0.398333333333333,0.248312333333333,0.498309475460113,0.972633,0.986221577537219,0.985489218611751,14.7603345814695,-2.25038255774718,3.802,1391.964,0.203,465.323,644000.895361,802.496663769389,1937578.273709,1391.96920716983,1391.96919236742,1
0.966,0.211,0.063,0.413333333333333,0.234556333333333,0.484310162327132,0.981646,0.990780500413689,0.988775505360039,14.9835710861711,-3.73139699916045,4.748,1391.964,0.191,465.634333333333,643570.180072333,802.228259332924,1937586.357281,1391.97211081293,1391.97209770886,1
0.966,0.212,0.063,0.413666666666667,0.234354333333333,0.484101573363828,0.982069,0.990993945491091,0.988989383158384,14.9835710861711,-3.73139699916045,4.748,1.879,0.131,2.25266666666667,5.43389233333333,2.33107106998764,26.091306,5.1079649568101,5.10628485300223,1
0.97,0.212,0.06,0.414,0.237628,0.487471024779935,0.989444,0.994707997353997,0.992896772076534,14.0698677475721,-3.53955916854995,4.29,1.361,0.131,1.92733333333333,4.56487033333333,2.13655571734821,20.273582,4.50261945982558,4.50071338789752,1
0.97,0.215,0.056,0.413666666666667,0.238450333333333,0.488313765250718,0.990261,0.995118585898183,0.993541644824212,14.0698677475721,-3.30412997175888,-0.44,1.177,-0.175,0.187333333333333,0.752136333333333,0.867257939331393,1.609554,1.26868199325126,1.25655441585313,1
0.961,0.22,0.056,0.412333333333333,0.232500333333333,0.482182883700089,0.975057,0.987449745556704,0.98586053780441,16.0543080742742,-3.33500443431933,-0.592,0.75,-0.175,-0.00566666666666666,0.471746333333333,0.68683792362779,0.943589,0.971385093564854,0.955491496560801,1
0.961,0.22,0.056,0.412333333333333,0.232500333333333,0.482182883700089,0.975057,0.987449745556704,0.98586053780441,16.0543080742742,-3.33500443431933,-0.592,0.659,-0.175,-0.036,0.405741,0.636978021598862,0.81537,0.902978405057397,0.885858340819795,1
0.948,0.249,0.094,0.430333333333333,0.206990333333333,0.454961903166994,0.969541,0.984652730661932,0.98015559989218,18.5583536994437,-5.66271700114866,1.056,0.964,0,0.673333333333333,0.342149333333333,0.584935324060133,2.044432,1.42983635427275,1.42983635427275,1
0.954,0.249,0.094,0.432333333333333,0.210108333333333,0.458375755612503,0.980953,0.990430714386423,0.98595993833421,17.445987705778,-5.62733173532576,1.056,0.964,0.131,0.717,0.259663,0.509571388521765,2.061593,1.43582485004265,1.42983635427275,1
0.954,0.249,0.094,0.432333333333333,0.210108333333333,0.458375755612503,0.980953,0.990430714386423,0.98595993833421,17.445987705778,-5.62733173532576,0.537,0.781,0.375,0.564333333333333,0.0417693333333333,0.204375471457152,1.038955,1.01929142054665,0.94780272208936,1
0.954,0.25,0.093,0.432333333333333,0.210264333333333,0.45854589010625,0.981265,0.99058820909599,0.986212958746741,17.445987705778,-5.56784468290295,0.537,0.598,0.375,0.503333333333333,0.0132823333333333,0.115249005780238,0.786598,0.886903602428133,0.803724455270586,1
0.945,0.253,0.083,0.427,0.208468,0.456582960698272,0.963923,0.981795803617025,0.978281145683591,19.0910525128604,-5.01944711309915,0.811,0.598,0.192,0.533666666666667,0.0988943333333333,0.314474694265426,1.052189,1.02576264310999,1.0076333658628,1
0.945,0.253,0.083,0.427,0.208468,0.456582960698272,0.963923,0.981795803617025,0.978281145683591,19.0910525128604,-5.01944711309915,0.811,0.598,0.192,0.533666666666667,0.0988943333333333,0.314474694265426,1.052189,1.02576264310999,1.0076333658628,1
0.946,0.247,0.092,0.428333333333333,0.206990333333333,0.454961903166994,0.964389,0.982033095165331,0.977714170910906,18.9150927972829,-5.55463767389715,-0.44,0.75,0.131,0.147,0.354217,0.595161322668065,0.773261,0.879352602770925,0.869540108333135,1
0.948,0.247,0.096,0.430333333333333,0.206684333333333,0.4546254868937,0.968929,0.984341912142321,0.979649427091141,18.5583536994437,-5.78239232236404,-0.44,0.75,-0.541,-0.077,0.515497,0.717981197525395,1.048781,1.02410009276437,0.869540108333135,1
0.948,0.247,0.1,0.431666666666667,0.205352333333333,0.453158176946343,0.969713,0.984740067225864,0.979649427091141,18.5583536994437,-6.02159013904334,-0.226,2.398,-1.212,0.32,3.481612,1.8659078219462,7.270424,2.69637237784398,2.40862616443482,1
0.951,0.245,0.1,0.432,0.207277,0.455276838857414,0.974426,0.987130183916995,0.982051933453624,18.010475910494,-6.00273349821551,-0.226,2.398,-1.334,0.279333333333333,3.67347733333333,1.91663176779822,7.581036,2.75336811923143,2.40862616443482,1
0.951,0.245,0.101,0.432333333333333,0.206945333333333,0.454912445788564,0.974627,0.987231988946874,0.982051933453624,18.010475910494,-6.0623160100722,-0.653,2.398,-1.334,0.137,3.950031,1.98746849031626,7.956369,2.82070363562002,2.48531949656377,1
0.952,0.245,0.105,0.434,0.206143,0.454029734709083,0.977354,0.988612158533365,0.983020345669407,17.8242358246438,-6.29394818895108,-0.959,3.497,-1.456,0.360666666666667,7.43919233333333,2.7274882828957,15.268626,3.90750892513376,3.62611224316071,1
0.954,0.265,0.117,0.445333333333333,0.199532333333333,0.446690422253862,0.99403,0.997010531539161,0.990121709690278,17.445987705778,-6.9919253466678,-0.959,3.497,-1.7,0.279333333333333,7.90230433333333,2.81110375712696,16.03869,4.0048333298653,3.62611224316071,1
0.958,0.265,0.117,0.446666666666667,0.201572333333333,0.448968076073715,1.001678,1.00083864833449,0.993976357867731,16.6645713738191,-6.96301868916755,-0.775,3.1,-1.7,0.208333333333333,6.48520833333333,2.54660722007406,13.100625,3.6194785536041,3.19540685985369,1
0.958,0.265,0.103,0.442,0.206253,0.454150855993909,0.998598,0.999298754127113,0.993976357867731,16.6645713738191,-6.13662020540341,-0.775,2.337,-0.205,0.452333333333333,2.74520133333333,1.65686491100914,6.104219,2.47067177099671,2.46215231047959,1
0.937,0.252,0.103,0.430666666666667,0.197830333333333,0.444781219627508,0.952082,0.975746893410376,0.97029531587038,20.4463011157792,-6.27306926078624,-0.898,2.337,-0.205,0.411333333333333,2.90120633333333,1.70329279142881,6.309998,2.51197093932235,2.50359201947921,1
0.937,0.252,0.111,0.433333333333333,0.195230333333333,0.44184876749102,0.953794,0.976623776077564,0.97029531587038,20.4463011157792,-6.75595438393276,-1.142,4.382,-0.205,1.01166666666667,8.73885233333333,2.95615499142608,20.548113,4.5330026472527,4.52836482629216,1
0.945,0.268,0.121,0.444666666666667,0.193152333333333,0.439490993460996,0.97949,0.989691871240741,0.982267275236226,19.0910525128604,-7.29658241974599,-1.142,4.382,-4.142,-0.300666666666667,18.6955253333333,4.32383225083182,37.662252,6.13695787829768,4.52836482629216,1
0.949,0.284,0.121,0.451333333333333,0.192396333333333,0.438630064329081,0.995898,0.997946892374539,0.990584171082902,18.377480657165,-7.2661569697712,1.605,4.199,-4.142,0.554,18.221521,4.26866735644744,37.36379,6.11259273958277,4.49528931215778,1
0.949,0.329,-0.08,0.399333333333333,0.268420333333333,0.51809297749857,1.015242,1.00759217940593,1.00441127034696,18.377480657165,4.81859925798781,7.373,-11.67,-3.104,-2.467,90.963289,9.53746764083632,200.184845,14.1486693720646,13.8039859823168,1
0.901,0.329,-0.096,0.378,0.250303,0.500302908246594,0.929258,0.963980290254941,0.959188198426148,25.7101743117527,6.08182130442254,7.373,-12.494,-3.104,-2.74166666666667,98.7728863333333,9.93845492686531,220.095981,14.8356321402224,14.5072797243315,1
0.742,0.263,-0.142,0.287666666666667,0.195820333333333,0.442515913084867,0.639897,0.799935622409704,0.787231223974253,42.0979352882203,10.8339660231202,-18.354,-12.494,-9.086,-13.3113333333333,21.9749813333333,4.68774800232834,575.524748,23.9900968735018,22.2029131421983,1
0.742,0.263,-0.203,0.267333333333333,0.223270333333333,0.472514902763218,0.660942,0.812983394664368,0.787231223974253,42.0979352882203,15.30084557245,-18.354,-5.536,-9.086,-10.992,43.799908,6.61814989253039,450.072008,21.2149006125412,19.1707227824096,1
0.742,0.247,-0.203,0.262,0.223425,0.472678537697662,0.652782,0.80794925583232,0.7820313292957,42.0979352882203,15.30084557245,30.963,0.972,0.37,10.7683333333333,305.959022333333,17.4916843766783,959.789053,30.9804624400605,30.9782529042553,1
0.951,0.223,0.108,0.427333333333333,0.208976333333333,0.457139293140869,0.965794,0.982748187482429,0.976795782136676,18.010475910494,-6.47901821587166,30.963,0.972,35.287,22.4073333333333,349.279380333333,18.6890176396014,2204.824522,46.9555590106219,30.9782529042553,1
0.951,0.247,0.198,0.465333333333333,0.177504333333333,0.42131263134795,1.004614,1.00230434499707,0.982552797563571,18.010475910494,-11.7610710208075,-21.772,-46.491,35.287,-10.992,1759.066621,41.9412281770575,3880.605434,62.2945056485722,51.336469152056,1
0.951,0.247,0.198,0.465333333333333,0.177504333333333,0.42131263134795,1.004614,1.00230434499707,0.982552797563571,18.010475910494,-11.7610710208075,-61.292,-64.827,-36.246,-54.1216666666667,242.778650333333,15.5813558567069,9273.021709,96.2965300984412,89.214624322473,1
0.799,0.344,0.055,0.399333333333333,0.140680333333333,0.375073770521658,0.759762,0.87164327565811,0.86990631679509,36.9652847875256,-3.93780306948308,-121.045,-64.827,-36.246,-74.0393333333333,1861.36791433333,43.1435732680238,20168.20447,142.014803700178,137.311441453362,1
0.73,0.348,-0.079,0.333,0.163789,0.404708537097996,0.660245,0.812554613549145,0.808705137859282,43.1136059458987,6.17646534379813,-121.045,-64.827,0.226,-61.882,3683.168629,60.6891145840834,18854.48303,137.311627439194,137.311441453362,1
0.73,0.383,-0.21,0.301,0.225943,0.475334618979094,0.723689,0.850699124250166,0.824371882101761,43.1136059458987,16.0490047925332,-125.379,-55.311,3.945,-58.915,4190.915856,64.7372833535668,18794.763387,137.093994715305,137.037222541906,1
0.73,0.383,-0.269,0.281333333333333,0.257252333333333,0.507200486329946,0.75195,0.867150505967678,0.824371882101761,43.1136059458987,20.2284965656463,-125.379,-55.311,3.945,-58.915,4190.915856,64.7372833535668,18794.763387,137.093994715305,137.037222541906,1
0.73,0.193,-0.269,0.218,0.249969,0.49996899903894,0.64251,0.801567214898414,0.755082114739847,43.1136059458987,20.2284965656463,-199.353,0.09,1.32,-65.981,13341.446013,115.505177429412,39743.369109,199.35739040477,199.35302031572,1
0.742,0.193,-0.269,0.222,0.256161,0.506123502714505,0.660174,0.8125109230035,0.766689637337039,42.0979352882203,19.9272868799349,-199.353,0.09,1.32,-65.981,13341.446013,115.505177429412,39743.369109,199.35739040477,199.35302031572,1
0.853,0.193,-0.018,0.342666666666667,0.206460333333333,0.45437906348481,0.765182,0.87474682051437,0.874561604462487,31.4605191958251,1.20887572249026,-52.838,-17.103,88.693,6.25066666666666,5416.80130033333,73.598921869368,10950.815102,104.646142317813,55.5370763814589,1
0.876,0.193,-0.018,0.350333333333333,0.218374333333333,0.467305396216792,0.804949,0.897189500607313,0.897008918573277,28.8364528857404,1.17714488598206,-0.959,-17.103,88.693,23.5436666666667,3248.48390933333,56.9954727090962,8159.880539,90.3320570949206,17.1298654402187,1
0.876,0.193,0.149,0.406,0.166159,0.407626054123139,0.826826,0.909299730561931,0.897008918573277,28.8364528857404,-9.65313075910905,-0.959,129.931,66.018,64.9966666666667,4283.83036633333,65.4509768172587,21241.360766,145.744162030594,129.934539064869,1
1.104,0.752,0.222,0.692666666666667,0.197121333333333,0.44398348317627,1.833604,1.35410634737453,1.33578441374348,0,-11.3698026502581,-34.101,129.931,66.018,53.9493333333333,6835.86379233333,82.6792827274967,22403.319286,149.677384016424,134.331466760398,1
1.104,1.107,0.222,0.811,0.260193,0.510091168321899,2.493549,1.57909752707045,1.56341453236178,0,-11.3698026502581,-34.101,110.491,88.052,54.814,6055.285099,77.8157124172233,21124.293986,145.341989755198,115.633642518084,1
0.966,1.107,0.303,0.792,0.184311,0.429314569983363,2.250414,1.50013799365258,1.4692191803812,14.9835710861711,-17.4147943990631,24.218,110.491,88.052,74.2536666666667,2003.55313433333,44.7610671715201,20547.927309,143.345482345974,113.113980590376,1
0.915,0.993,0.386,0.764666666666667,0.109062333333333,0.330245868003422,1.97227,1.40437530596347,1.35028663623691,23.7942729505366,-22.8728346003349,109.607,117.449,71.877,99.6443333333333,593.642841333333,24.3647869133578,30974.265179,175.995071462243,160.648566909263,1
0.915,0.949,0.952,0.938666666666667,0.000422333333333334,0.0205507501890645,2.64413,1.62607810390522,1.31826628569497,23.7942729505366,-46.1353328185689,188.189,117.449,65.347,123.661666666667,3801.48716133333,61.6562013209809,53479.597731,231.256562568503,221.831844697735,1
1.489,-0.4,0.952,0.680333333333333,0.947432333333333,0.973361358044038,3.283425,1.81202235085553,1.54179149044221,0,-32.5930292463007,223.346,91.754,43.893,119.664333333333,8635.08483233333,92.9251571552792,60228.827681,245.41562232466,241.458551788915,1
1.489,-1.118,0.431,0.267333333333333,1.71920233333333,1.31118356202834,3.652806,1.91123154013322,1.86200026852844,0,-16.1434044525515,247.546,-108.869,40.444,59.707,32036.210433,178.986620821222,74767.198413,273.435912807736,270.428329279682,1
0.189,-1.118,0.175,-0.251333333333333,0.563382333333333,0.750587991732704,1.31627,1.14728810679794,1.13386286648783,79.1055688994524,-42.7974018382342,247.546,-108.869,-5.759,44.306,33637.791225,183.406082846235,73164.647358,270.489643716723,270.428329279682,1
0.189,-1.012,0.175,-0.216,0.475261,0.689391760902319,1.09049,1.04426529196368,1.0294974502154,79.1055688994524,-42.7974018382342,213.824,-44.08,-32.493,45.7503333333333,21220.1327123333,145.671317397535,48719.544425,220.725042586925,218.320290802298,1
0.243,0.057,0.803,0.367666666666667,0.150785333333333,0.388310872025666,0.707107,0.840896545360962,0.249595673039418,75.9363293049374,-73.163387451774,160.418,-44.08,-67.771,16.189,15741.819201,125.466406663298,32269.889565,179.638218553291,166.364001887428,1
2.613,0.312,0.803,1.24266666666667,1.46863033333333,1.21187059265143,7.569922,2.75134912361191,2.63156094362262,0,-17.0826960193383,-15.271,-1.691,-67.771,-28.2443333333333,1217.87213333333,34.8980247769603,4828.971363,69.4908005638156,15.3643392959151,1
2.613,0.312,0.195,1.04,1.859169,1.36351347628104,6.963138,2.63877585254981,2.63156094362262,0,-4.26789330029081,-15.271,0.08,0.112,-5.02633333333333,78.7151523333334,8.87215601380709,233.222385,15.2716202480287,15.2712095460707,1
1.008,0.161,0.102,0.423666666666667,0.256954333333333,0.506906631770914,1.052389,1.0258601269179,1.02077666509379,0,-5.77811906912666,-2.484,33.956,0.17,10.5473333333333,412.735185333333,20.3158850492252,1159.209092,34.0471598228105,34.0467354088465,1
0.963,0.161,0.092,0.405333333333333,0.234434333333333,0.484184193601292,0.961754,0.980690573014751,0.976365710172167,15.6345989010195,-5.45717794991434,-2.484,33.956,0.17,10.5473333333333,412.735185333333,20.3158850492252,1159.209092,34.0471598228105,34.0467354088465,1
0.867,0.293,0.081,0.413666666666667,0.165369333333333,0.406656284020465,0.844099,0.918748605441118,0.915171022268516,29.8881302675233,-5.3373999884427,-33.796,-0.858,0.329,-11.4416666666667,375.139406333333,19.3685158526236,1143.014021,33.808490368545,33.8068895345313,1
0.9,0.332,0.002,0.411333333333333,0.206321333333333,0.454226081740507,0.920228,0.959285150515737,0.959283065627659,25.8419327631671,-0.127323744887381,-33.796,-0.858,0.329,-11.4416666666667,375.139406333333,19.3685158526236,1143.014021,33.808490368545,33.8068895345313,1
0.885,0.332,0.002,0.406333333333333,0.199066333333333,0.446168503295933,0.893453,0.945226427899686,0.945224312002183,27.7484787006534,-0.129481767175505,-27.509,-1.667,0.329,-9.61566666666667,241.124537333333,15.5281852556354,759.632211,27.5614261423461,27.5594624403307,1
0.9,0.332,0.006,0.412666666666667,0.204689333333333,0.452426052889678,0.92026,0.959301829457236,0.959283065627659,25.8419327631671,-0.381966204729025,-13.654,-71.975,0.27,-28.453,1469.092807,38.3287464835468,5366.905241,73.2591648942301,73.2586673438713,1
0.9,0.19,0.008,0.366,0.222148,0.471325789661461,0.846164,0.919871730188508,0.9198369420718,25.8419327631671,-0.509282404977526,-3.003,-71.975,0.202,-24.9253333333333,1662.82135633333,40.7777066095352,5189.459438,72.0379027873522,72.037619574775,1
0.96,0.19,0.025,0.391666666666667,0.249058333333333,0.499057444923261,0.958325,0.978940754080654,0.9786214794291,16.260204708312,-1.49174043537272,-3.003,-71.975,0.196,-24.9273333333333,1662.67060433333,40.7758581066461,5189.45705,72.0378862127423,72.037619574775,1
0.96,0.191,0.025,0.392,0.248857,0.498855690555896,0.958706,0.979135332831984,0.978816121649005,16.260204708312,-1.49174043537272,-3.003,140.97,0.196,46.0543333333333,6759.29623433333,82.2149392405865,19881.597325,141.002118157849,141.001981932879,1
0.965,0.191,0.034,0.396666666666667,0.248414333333333,0.498411810988999,0.968862,0.984307878663988,0.983720488756842,15.203604093293,-2.01787669779009,-1.355,842.966,0.193,280.601333333333,237191.112812333,487.02270256358,710593.55043,842.967111120001,842.967089026019,1
0.966,0.191,0.035,0.397333333333333,0.248620333333333,0.4986184245827,0.970862,0.985323297197422,0.984701477606284,14.9835710861711,-2.07502636141741,-0.409,842.966,0.193,280.916666666667,236924.680426333,486.74909391424,710591.881686,842.966121315679,842.966099221671,1
0.969,0.183,0.037,0.396333333333333,0.251289333333333,0.501287675225846,0.973819,0.986822679107042,0.986128794833616,14.3036487216306,-2.18670222239355,-0.409,1.177,-0.449,0.106333333333333,0.860145333333333,0.927440204721217,1.754211,1.32446630761224,1.24603772013531,1
0.969,0.18,0.035,0.394666666666667,0.252650333333333,0.502643346054967,0.972586,0.986197748932738,0.985576481050558,14.3036487216306,-2.0686077210513,-0.409,1.177,-0.449,0.106333333333333,0.860145333333333,0.927440204721217,1.754211,1.32446630761224,1.24603772013531,1
0.943,0.261,0.098,0.434,0.200953,0.448277815645611,0.966974,0.983348361467085,0.978452860387254,19.4383706628683,-5.93308822417718,4.474,0,0.261,1.57833333333333,6.30569433333333,2.51111416174839,20.084797,4.48160651998812,4.474,1
0.943,0.261,0.098,0.434,0.200953,0.448277815645611,0.966974,0.983348361467085,0.978452860387254,19.4383706628683,-5.93308822417718,4.565,0.964,0.261,1.93,5.330971,2.30888955994002,21.836642,4.67296929157468,4.6656747636328,1
0.943,0.265,0.1,0.436,0.199593,0.446758323929169,0.969474,0.984618707927084,0.979527437083822,19.4383706628683,-6.05328154139457,4.565,160.953,0.279,55.2656666666667,8381.95176933333,91.5529997833677,25926.785275,161.017965690168,161.017723974723,1
0.943,0.271,0.1,0.438,0.198579,0.445622037157051,0.97269,0.986250475285057,0.981167671705504,19.4383706628683,-6.05328154139457,4.565,160.953,0.279,55.2656666666667,8381.95176933333,91.5529997833677,25926.785275,161.017965690168,161.017723974723,1
0.943,0.271,0.089,0.434333333333333,0.202337333333333,0.449819222947767,0.970611,0.985195919601782,0.981167671705504,19.4383706628683,-5.39158431984502,1.086,0.933,0.279,0.766,0.183729,0.428636209389734,2.127726,1.45867268432641,1.4317419460224,1
0.944,0.271,0.089,0.434666666666667,0.202846333333333,0.45038465041932,0.972498,0.986153132125027,0.98212881028916,19.2654645653945,-5.38590649939261,-0.013,0.933,-1.609,-0.229666666666667,1.65064933333333,1.28477598566183,3.459539,1.85998360207825,0.933090563664642,1
0.946,0.271,0.089,0.435333333333333,0.203866333333333,0.451515595891585,0.976278,0.988067811438061,0.984051319799938,18.9150927972829,-5.37458655353506,-1.111,0.933,-1.609,-0.595666666666667,1.81461733333333,1.34707733012375,4.693691,2.16649278789476,1.45079633305299,1
0.953,0.277,0.1,0.443333333333333,0.202652333333333,0.450169227439341,0.994938,0.997465788887018,0.992440426423672,17.6360936204484,-5.99022763965056,-1.111,-0.928,-1.609,-1.216,0.124209,0.352432972350772,4.684386,2.16434424249009,1.44758592145682,1
0.953,0.278,0.109,0.446666666666667,0.199420333333333,0.446565038189661,0.997374,0.998686136881853,0.992720000805867,17.6360936204484,-6.52488853032845,1.574,-0.928,-4.508,-1.28733333333333,9.34452133333333,3.05688098121817,23.660724,4.8642290242134,1.82720004378284,1
0.924,0.282,0.109,0.438333333333333,0.184386333333333,0.4294022977737,0.945181,0.972204196658295,0.966074531286277,22.481956617359,-6.72782493334735,2.49,-1.02,-4.508,-1.01266666666667,12.2430413333333,3.49900576354674,27.562564,5.25000609523456,2.69081771957894,1
0.815,0.282,-0.109,0.329333333333333,0.215124333333333,0.463814977478448,0.75563,0.869269808517471,0.862408835761787,35.4126381110596,7.61766666539657,10.608,-1.225,-4.508,1.625,63.215239,7.95080115460071,134.352353,11.5910462426823,10.6784965702106,1
0.815,0.282,-0.109,0.329333333333333,0.215124333333333,0.463814977478448,0.75563,0.869269808517471,0.862408835761787,35.4126381110596,7.61766666539657,10.608,-1.225,0.039,3.14066666666667,42.2202243333333,6.49770916041441,114.03181,10.6785677878637,10.6784965702106,1
0.908,0.282,-0.109,0.360333333333333,0.263174333333333,0.513005198154301,0.915869,0.957010449263748,0.950782835352006,24.7695868265909,6.84526161254743,10.608,0.684,0.175,3.82233333333333,34.5987243333333,5.88206803202185,113.028145,10.6314695597551,10.6300291627069,1
0.908,0.27,0.076,0.418,0.189484,0.435297599350146,0.90314,0.950336782409268,0.947292985300746,24.7695868265909,-4.78452968816502,46.618,21.105,50.332,39.3516666666667,253.154082333333,15.9108165200072,5151.969173,71.777219039191,51.1728340919281,1
0.681,0.27,0.117,0.356,0.085071,0.291669333321143,0.55035,0.741855781132694,0.732571498217068,47.0781639225891,-9.74859424168536,51.745,32.366,50.332,44.8143333333333,116.719894333333,10.803698178556,6258.413205,79.1101333901037,61.0336217260618,1
0.681,0.053,0.12,0.284666666666667,0.118932333333333,0.344865674333259,0.48097,0.693520006921214,0.683059294644323,47.0781639225891,-9.99358025926823,51.745,32.366,15.786,33.299,323.915287,17.9976467072782,3974.300777,63.0420556216245,61.0336217260618,1
0.685,-0.03,0.137,0.264,0.139903,0.374036094514955,0.488894,0.699209553710474,0.685656619599053,46.7643928510178,-11.3099324740202,31.878,32.366,0.061,21.435,342.695443,18.5120350853168,2063.768561,45.4287195615285,45.428678607241,1
0.871,-0.03,0.138,0.326333333333333,0.229552333333333,0.479116200240958,0.778585,0.882374636988167,0.871516494393537,29.4249453057367,-9.00302583480038,13.324,32.366,0.061,15.2503333333333,263.686326333333,16.2384213005247,1225.090653,35.0012950188989,35.0012418636825,1
0.871,0.094,0.138,0.367666666666667,0.190492333333333,0.436454274046358,0.786521,0.886860191913021,0.876057646505069,29.4249453057367,-9.00302583480038,3.527,4.821,0.061,2.803,6.057532,2.461205395736,35.685491,5.97373342224107,5.97342196734836,1
0.946,0.237,0.069,0.417333333333333,0.216672333333333,0.465480755062262,0.955846,0.977673769720759,0.975235868905569,18.9150927972829,-4.17169164876469,-65.686,-54.151,-1.182,-40.3396666666667,1183.25620033333,34.3984912508286,7248.378521,85.1374096446445,85.1292041370058,1
0.946,0.242,0.007,0.398333333333333,0.238760333333333,0.488631081014433,0.953529,0.976488095165527,0.976463004931575,18.9150927972829,-0.423956804224008,-100.721,-54.151,-25.535,-60.1356666666667,1440.09582533333,37.9485945106447,13729.086867,117.171186163664,114.354932740132,1
0.953,0.242,-0.063,0.377333333333333,0.271800333333333,0.521344735595684,0.970742,0.985262401596651,0.983246154327593,17.6360936204484,3.78215073701557,-106.244,-47.315,-25.535,-59.698,1743.489687,41.7551156985584,14178.532986,119.073645220091,116.303468396261,1
0.953,0.219,-0.063,0.369666666666667,0.275089333333333,0.524489593160182,0.960139,0.979866827686293,0.977839455125431,17.6360936204484,3.78215073701557,-107.587,-38.343,-9.025,-51.6516666666667,2561.45741733333,50.6108428830555,13126.598843,114.571370084328,114.215358940906,1
0.953,0.219,-0.063,0.369666666666667,0.275089333333333,0.524489593160182,0.960139,0.979866827686293,0.977839455125431,17.6360936204484,3.78215073701557,-107.587,-38.343,-9.025,-51.6516666666667,2561.45741733333,50.6108428830555,13126.598843,114.571370084328,114.215358940906,1
1.174,0.534,-0.22,0.496,0.486892,0.697776468505495,1.711832,1.30836997825539,1.28974105928283,0,10.6137618612908,-104.261,-60.254,-23.154,-62.5563333333333,1648.56191633333,40.6024865782052,15037.008353,122.62548003168,120.419685421446,1
1.174,0.534,-0.268,0.48,0.522028,0.722515051746329,1.735256,1.31729115991872,1.28974105928283,0,12.8590985819444,-99.775,-77.161,-23.154,-66.6966666666667,1549.82111433333,39.3677674542681,16444.978262,128.237975116578,126.130371227552,1
1.095,0.534,-0.268,0.453666666666667,0.469282333333333,0.685041847870138,1.556005,1.24739929453243,1.21826967457948,0,13.7527253584357,-99.775,-77.161,9.469,-55.8223333333333,3325.06690533333,57.6633931132511,15998.532507,126.485305498307,126.130371227552,1
0.82,0.453,0.03,0.434333333333333,0.156286333333333,0.395330663284969,0.878509,0.93728810938793,0.936807877849028,34.9152062474442,-2.09525256462385,-112.043,-77.161,9.469,-59.9116666666667,3914.44616133333,62.5655349320481,18597.115731,136.3712423167,136.042102931409,1
0.665,0.433,0.178,0.425333333333333,0.0593363333333333,0.243590503372634,0.661398,0.813263794841502,0.793545209802189,48.3176746066605,-14.9850297567761,-112.043,-0.681,0.177,-37.5156666666667,4165.92660133333,64.543989660799,12554.128939,112.045209353189,112.045069547928,1
0.665,0.453,0.267,0.461666666666667,0.0396573333333333,0.199141490737951,0.718723,0.847775324009846,0.804632835521892,48.3176746066605,-21.8756460080557,-63.001,1.051,0.177,-20.591,1349.147044,36.7307370467841,3970.261931,63.0100145294381,63.0097659256087,1
0.665,0.408,0.267,0.446666666666667,0.0407223333333333,0.201797753538867,0.679978,0.824607785556261,0.78018523441552,48.3176746066605,-21.8756460080557,-59.919,2.964,1.122,-18.611,1280.611389,35.7856310409639,3600.330741,60.0027561116987,59.9922649764118,1
0.868,0.408,0.363,0.546333333333333,0.0781083333333333,0.279478681357511,1.051657,1.02550329107224,0.959107918849594,29.7729481314333,-22.6948164605322,81.408,52.722,43.008,59.046,398.634732,19.965839125867,11256.559812,106.096935921826,96.9890290084399,1
1.144,0.408,0.494,0.682,0.161932,0.402407753404429,1.719236,1.31119640023911,1.21457811605512,0,-23.355564859286,131.884,52.722,43.008,75.8713333333333,2376.65456933333,48.7509442917092,22022.686804,148.400427236582,142.03168216986,1
1.162,0.276,0.535,0.657666666666667,0.207534333333333,0.455559363127719,1.712645,1.30868063330975,1.19432826308348,0,-24.7219614919578,155.719,1.243,0.509,52.4903333333333,7992.25290533333,89.3994010345334,24250.211091,155.724792794853,155.723960937294,1
1.253,0.243,0.563,0.686333333333333,0.266433333333333,0.516171806023279,1.946027,1.39500071684569,1.27634556449263,0,-24.1954145798009,155.719,1.243,0.509,52.4903333333333,7992.25290533333,89.3994010345334,24250.211091,155.724792794853,155.723960937294,1
1.548,0.243,1.925,1.23866666666667,0.779046333333333,0.882636014069975,6.160978,2.48213174509332,1.56695660437678,0,-51.195295349958,-90.223,1.175,11.117,-25.977,3120.372228,55.860292050794,8265.158043,90.9129146106316,90.2306508565687,1
1.548,0.243,1.925,1.23866666666667,0.779046333333333,0.882636014069975,6.160978,2.48213174509332,1.56695660437678,0,-51.195295349958,-90.223,-6.818,11.117,-28.6413333333333,2924.64230833333,54.0799621702284,8310.262542,91.1606414084499,90.4802456506391,1
0.955,0.18,0.146,0.427,0.209377,0.457577315871318,0.965741,0.982721221913926,0.971815311671925,17.2538531173573,-8.69205435748183,-90.223,-6.818,3.365,-31.2253333333333,2636.46687633333,51.3465371406226,8197.998078,90.5427969415569,90.4802456506391,1
0.917,0.23,0.024,0.390333333333333,0.218642333333333,0.467592058672229,0.894365,0.945708728943537,0.945404146383969,23.5086305220637,-1.49922013228796,42.987,-6.818,0.217,12.1286666666667,726.550358333333,26.9545980925951,1894.414382,43.5248708441507,43.5243298971966,1
0.917,0.23,0.007,0.384666666666667,0.224966333333333,0.474306159915021,0.893838,0.945430060871771,0.945404146383969,23.5086305220637,-0.437363867520732,42.987,-20.765,0.217,7.47966666666667,1055.63912133333,32.4906005074288,2279.114483,47.7400720883411,47.7395789047201,1
1.05,0.23,0.007,0.429,0.301663,0.549238563831783,1.155449,1.07491813641784,1.07489534374282,0,-0.381966204729025,23.608,-20.765,0.217,1.02,492.724389,22.1973959959271,988.569978,31.4415326916485,31.4407838483712,1
1.05,0.23,0.007,0.429,0.301663,0.549238563831783,1.155449,1.07491813641784,1.07489534374282,0,-0.381966204729025,20.129,6.03,0.204,8.78766666666667,104.954950333333,10.2447523314785,441.579157,21.0137849279943,21.012794697517,1
1.05,0.18,0.012,0.414,0.310428,0.557160659056255,1.135044,1.06538443765619,1.06531685427388,0,-0.6547804022677,19.336,26.963,0.133,15.4773333333333,191.129206333333,13.8249486918879,1100.901954,33.1798425855217,33.1795760220049,1
1.027,0.18,0.051,0.419333333333333,0.281104333333333,0.530192732252464,1.08973,1.04390133633404,1.04265478467228,0,-2.842927277438,10.211,26.963,0.204,12.4593333333333,182.802272333333,13.5204390584527,831.309506,28.832438433126,28.8317167369548,1
0.967,0.347,0.059,0.457666666666667,0.215301333333333,0.464005747090845,1.058979,1.02906705320888,1.02737432321428,14.7603345814695,-3.49148459291971,-0.501,26.963,0.204,8.88866666666667,245.135400333333,15.6568004500707,727.295986,26.968425723427,26.9676541434364,1
0.967,0.347,0.065,0.459666666666667,0.212921333333333,0.461433996724703,1.059723,1.0294284822172,1.02737432321428,14.7603345814695,-3.84553442180179,-0.562,0.781,0.283,0.167333333333333,0.460946333333333,0.678930286062813,1.005894,1.00294267034562,0.962187611643384,1
0.956,0.275,0.065,0.432,0.216957,0.465786431747427,0.993786,0.996888158220369,0.9947668068447,17.0596212568516,-3.88964714803207,-0.562,-0.898,2.938,0.492666666666667,4.51296533333333,2.12437410390292,9.754092,3.12315417486873,1.05936207219251,1
0.954,0.275,0.065,0.431333333333333,0.215910333333333,0.464661525557403,0.989966,0.994970351317063,0.992844902288369,17.445987705778,-3.89777643525281,-1.813,-1.081,2.999,0.035,6.722928,2.59286096811996,13.449531,3.66736022228523,2.11081263971959,1
0.954,0.275,0.066,0.431666666666667,0.215544333333333,0.464267523453163,0.990097,0.995036180246729,0.992844902288369,17.445987705778,-3.95755311412785,-1.935,-1.233,2.999,-0.0563333333333333,7.12449733333333,2.66917540325347,14.258515,3.77604488850437,2.29445287595976,1
0.954,0.262,0.066,0.427333333333333,0.217637333333333,0.466516166207918,0.983116,0.991522062286059,0.989323000844517,17.445987705778,-3.95755311412785,-3.583,-1.661,1.565,-1.22633333333333,6.76717733333333,2.60137989023774,18.046035,4.24806249954023,3.94927968115706,1
0.957,0.262,0.066,0.428333333333333,0.219220333333333,0.468209710849031,0.988849,0.994408869630596,0.992216206277644,16.8632195997888,-3.94518622903756,-3.583,-1.752,1.565,-1.25666666666667,6.80949233333333,2.60950039918244,18.356618,4.28446239334645,3.98840732623938,1
0.957,0.262,0.052,0.423666666666667,0.224358333333333,0.473664790050235,0.987197,0.993577878175637,0.992216206277644,16.8632195997888,-3.11019180655846,-2.698,-1.661,2.389,-0.656666666666667,7.22590633333333,2.68810459865931,15.745446,3.96805317504693,3.16830001735947,1
0.948,0.254,0.043,0.415,0.224197,0.473494456144948,0.965069,0.982379254666954,0.981437720897256,18.5583536994437,-2.59707909045251,-2.698,-1.661,2.389,-0.656666666666667,7.22590633333333,2.68810459865931,15.745446,3.96805317504693,3.16830001735947,1
0.943,0.246,0.043,0.410666666666667,0.222836333333333,0.472055434597816,0.951614,0.975507047642404,0.974558874568387,19.4383706628683,-2.61083038939413,-3.736,-1.355,2.114,-0.992333333333333,8.65427033333333,2.94181412283872,20.262717,4.50141277822863,3.97413147744259,1
0.943,0.246,0.043,0.410666666666667,0.222836333333333,0.472055434597816,0.951614,0.975507047642404,0.974558874568387,19.4383706628683,-2.61083038939413,-5.078,-0.623,1.626,-1.35833333333333,11.6414403333333,3.4119554999052,28.818089,5.36824822451421,5.11607398304598,1
0.958,0.25,0.045,0.417666666666667,0.229476333333333,0.479036880974037,0.982289,0.991104938944409,0.990082824818207,16.6645713738191,-2.68936981300758,-5.75,-0.47,1.199,-1.67366666666667,13.1587603333333,3.62750056283019,34.721001,5.89245288483497,5.76917671769552,1
0.958,0.25,0.046,0.418,0.229104,0.478648096204299,0.98238,0.991150846238856,0.990082824818207,16.6645713738191,-2.74904290285561,-5.75,-0.043,0.741,-1.684,12.552931,3.54301157209513,33.61343,5.79770903029809,5.75016078036084,1
0.958,0.25,0.046,0.418,0.229104,0.478648096204299,0.98238,0.991150846238856,0.990082824818207,16.6645713738191,-2.74904290285561,0,0,0.009,0.003,2.7e-05,0.00519615242270663,8.1e-05,0.009,0,1
