0.98,0.122,0.094,0.398666666666667,0.253657333333333,0.503644054202304,0.98412,0.992028225404902,0.987564681425981,11.4783409545336,-5.47895591350154,0.232,-0.074,-7.59,-2.47733333333333,19.6279293333333,4.43034189801795,57.6674,7.59390545108378,0.243515913237718,1
0.98,0.122,0.098,0.4,0.252444,0.502438055883509,0.984888,0.992415235675068,0.987564681425981,11.4783409545336,-5.71059313749964,0.232,-0.074,-7.59,-2.47733333333333,19.6279293333333,4.43034189801795,57.6674,7.59390545108378,0.243515913237718,1
0.97,0.111,0.098,0.393,0.249739,0.499738931843418,0.962825,0.981236464874803,0.976330374412268,14.0698677475721,-5.76907013241584,-0.257,1.116,-5.332,-1.491,11.536243,3.39650452671566,29.741729,5.45359780328546,1.14520958780478,1
0.97,0.111,0.098,0.393,0.249739,0.499738931843418,0.962825,0.981236464874803,0.976330374412268,14.0698677475721,-5.76907013241584,-0.257,1.483,-3.379,-0.717666666666667,6.06892133333333,2.46351808057772,13.682979,3.69905109453762,1.50510398311877,1
0.97,0.12,0.105,0.398333333333333,0.245158333333333,0.495134661817705,0.966325,0.983018311121415,0.977394495585073,14.0698677475721,-6.17806490212833,-0.257,2.032,-2.463,-0.229333333333333,5.05183033333333,2.24762771235214,10.261442,3.20334856049104,2.04818773553598,1
0.98,0.13,0.105,0.405,0.248125,0.498121471129282,0.988325,0.99414536160463,0.988584847142621,11.4783409545336,-6.11550356628541,-0.409,2.032,-1.609,0.00466666666666667,3.44256033333333,1.85541379032639,6.885186,2.62396379548194,2.07275300023905,1
0.98,0.13,0.099,0.403,0.249937,0.4999369960305,0.987101,0.993529566746758,0.988584847142621,11.4783409545336,-5.76847348907332,-0.409,1.818,-1.121,0.096,2.350699,1.53319894338602,4.729046,2.17463698119939,1.86343902502872,1
0.98,0.113,0.098,0.397,0.254973,0.504948512226742,0.982773,0.991349080798484,0.986493284315712,11.4783409545336,-5.71059313749964,-0.409,-1.417,4.83,1.00133333333333,11.2480323333333,3.35380863099452,25.50407,5.05015544315222,1.47484575464691,1
0.98,0.109,0.091,0.393333333333333,0.258214333333333,0.508147944336424,0.980562,0.990233305842618,0.986043102506173,11.4783409545336,-5.30510960621038,-0.409,-1.417,4.83,1.00133333333333,11.2480323333333,3.35380863099452,25.50407,5.05015544315222,1.47484575464691,1
0.979,0.109,0.091,0.393,0.257628,0.507570684732678,0.978603,0.98924365047242,0.985049237348063,11.7627870854941,-5.31049754723796,-0.348,-0.684,4.83,1.266,9.554796,3.09108330525077,23.91786,4.89058892159216,0.767437293855335,1
0.975,0.107,0.093,0.391666666666667,0.255257333333333,0.505229980635882,0.970723,0.985252759448051,0.980853709785511,12.8385681409841,-5.44865144135986,-0.348,-0.684,5.41,1.45933333333333,11.7340493333333,3.42549986619958,29.85706,5.46416141782067,0.767437293855335,1
0.975,0.097,0.093,0.388333333333333,0.258137333333333,0.508072173350729,0.968683,0.984216947628926,0.979813247511994,12.8385681409841,-5.44865144135986,-0.501,-1.142,5.41,1.25566666666667,13.0465843333333,3.61200558323673,30.823265,5.55187040554803,1.2470625485516,1
0.983,0.096,0.093,0.390666666666667,0.263146333333333,0.512977907256573,0.984154,0.992045361866079,0.987676566493303,10.5798440961225,-5.4045720311517,-0.501,-1.294,4.8,1.00166666666667,10.9777143333333,3.31326339631085,24.965437,4.99654250457254,1.38760116748293,1
0.983,0.096,0.088,0.389,0.264643,0.514434641135295,0.983249,0.991589128621326,0.987676566493303,10.5798440961225,-5.11558878753772,-0.47,-1.294,4.586,0.940666666666667,10.1360853333333,3.18372193090624,22.926732,4.78818671315144,1.37671202508005,1
0.983,0.096,0.088,0.389,0.264643,0.514434641135295,0.983249,0.991589128621326,0.987676566493303,10.5798440961225,-5.11558878753772,-0.104,-0.776,4.586,1.23533333333333,8.53312133333333,2.92115068651607,21.644388,4.65235295307654,0.782938056298198,1
0.983,0.093,0.091,0.389,0.264628,0.514420061817188,0.983219,0.991574001272724,0.987389487487081,10.5798440961225,-5.28901099636616,0.079,-0.562,4.983,1.5,9.201187,3.03334584246505,25.152374,5.01521425265163,0.567525329831189,1
0.983,0.082,0.091,0.385333333333333,0.267924333333333,0.517614077603511,0.981294,0.990602846755449,0.986414213198492,10.5798440961225,-5.28901099636616,0.079,-0.562,4.983,1.5,9.201187,3.03334584246505,25.152374,5.01521425265163,0.567525329831189,1
0.983,0.082,0.091,0.385333333333333,0.267924333333333,0.517614077603511,0.981294,0.990602846755449,0.986414213198492,10.5798440961225,-5.28901099636616,0.079,-0.745,4.983,1.439,9.589696,3.09672342969145,25.391555,5.03900337368413,0.749176881650789,1
0.02,1.444,0.091,0.518333333333333,0.643904333333333,0.802436498006748,2.093817,1.44700276433737,1.44413849751331,88.8540080016114,-77.6045931662415,0.537,-0.745,1.193,0.328333333333333,0.971617333333333,0.985706514807188,2.266643,1.50553744556554,0.918364851243774,1
0.02,1.444,0.754,0.739333333333333,0.507105333333333,0.712113286867569,2.654052,1.62912614612865,1.44413849751331,88.8540080016114,-88.4805743321827,38.165,-0.745,-24.65,4.25666666666667,1005.19355833333,31.7047876247947,2064.74475,45.4394624748137,38.1722706948382,1
0.02,0.456,0.754,0.41,0.136276,0.369155793669827,0.776852,0.881392080745,0.456438385765264,88.8540080016114,-88.4805743321827,38.165,48.297,-24.65,20.604,1561.607743,39.5171828828929,4396.789934,66.3082946093473,61.5562136100004,1
0.812,0.456,0.96,0.742666666666667,0.0671093333333333,0.259054691780198,1.78888,1.33749018687989,0.931278690833201,35.7082003836933,-49.7743451801427,38.165,48.297,-24.65,20.604,1561.607743,39.5171828828929,4396.789934,66.3082946093473,61.5562136100004,1
0.812,0.456,0.96,0.742666666666667,0.0671093333333333,0.259054691780198,1.78888,1.33749018687989,0.931278690833201,35.7082003836933,-49.7743451801427,-1.874,101.885,-45.219,18.264,5714.050987,75.5913420108414,12428.823062,111.484631505872,101.902233052078,1
1.297,1.054,0.96,1.10366666666667,0.0302423333333333,0.173903229795577,3.714725,1.9273621870318,1.67126449133583,0,-36.507720422809,-1.874,101.885,-45.219,18.264,5714.050987,75.5913420108414,12428.823062,111.484631505872,101.902233052078,1
1.297,1.054,0.395,0.915333333333333,0.217822333333333,0.466714402320448,2.94915,1.71730894133816,1.67126449133583,0,-16.9380595935738,77.258,80.767,10.781,56.2686666666667,1554.92413433333,39.4325263498718,12608.336814,112.286850583673,111.768094074293,1
1.297,0.663,0.302,0.754,0.253717,0.503703285675208,2.212982,1.48760949176859,1.45663241759889,0,-13.1074861389599,98.071,80.767,49.905,76.2476666666667,595.309169333333,24.3989583657445,18631.738355,136.498125829624,127.048137845464,1
1.168,-0.101,0.302,0.456333333333333,0.420454333333333,0.64842450087372,1.465629,1.21063165331161,1.17235873349415,0,-14.4969957352298,98.071,124.56,73.342,98.6576666666667,656.079014333333,25.6140393989963,30512.163605,174.677312794192,158.534269610706,1
1.059,-0.248,-0.055,0.252,0.497749,0.705513288322764,1.18601,1.08904086241059,1.08765113892277,0,2.97303032811065,58.368,124.56,73.342,85.4233333333333,1204.81417733333,34.7104332634056,24301.065988,155.887991801806,137.557322684036,1
1.059,-0.248,-0.055,0.252,0.497749,0.705513288322764,1.18601,1.08904086241059,1.08765113892277,0,2.97303032811065,58.368,2.479,-0.201,20.2153333333333,1093.51508033333,33.0683395460572,3413.009266,58.4209659796892,58.4206202038287,1
0.148,-0.225,-0.018,-0.0316666666666667,0.0349223333333333,0.186875181159332,0.072853,0.269912948929836,0.269312086620708,81.4889586248113,6.93434890126956,157.763,-0.147,-0.201,52.4716666666667,8314.69938533333,91.1849734623712,24889.226179,157.763196528848,157.763068485625,1
0.053,1.166,1.521,0.913333333333333,0.586636333333333,0.765921884615744,3.675806,1.91723916087691,1.1672039239139,86.9619002151056,-88.0043075897679,191.79,-0.185,0.076,63.8936666666667,12268.1210903333,110.761550595562,36783.444101,191.790104283302,191.790089225173,1
0.015,1.166,1.521,0.900666666666667,0.619810333333333,0.787280339735049,3.673222,1.91656515673222,1.16609647971341,89.1405310751642,-89.4349711820926,191.79,-0.232,0.076,63.878,12271.133524,110.775148494597,36783.4637,191.790155378215,191.790140320091,1
-0.094,-0.268,0.038,-0.108,0.023556,0.153479640343597,0.082104,0.286537955600999,0.284007042166211,95.3937664712619,-157.988716802081,-141.967,-2.372,0.628,-47.9036666666667,6638.18300833333,81.4750453104098,20160.649857,141.988203231818,141.986814433595,1
-0.094,-0.268,0.038,-0.108,0.023556,0.153479640343597,0.082104,0.286537955600999,0.284007042166211,95.3937664712619,-157.988716802081,-141.967,-0.232,0.229,-47.3233333333333,6718.12086033334,81.9641437479422,20154.735354,141.967374259018,141.967189565054,1
-0.094,0.013,0.146,0.0216666666666667,0.0144563333333333,0.120234493109645,0.030321,0.174129262331177,0.0948946784598589,95.3937664712619,-122.774877324264,-141.967,-0.232,0.33,-47.2896666666667,6722.92704633333,81.9934573385788,20154.791813,141.967573103861,141.967189565054,1
0.894,0.323,0.318,0.511666666666667,0.109640333333333,0.331119817186065,1.004689,1.00234175808454,0.95056036105026,26.6197295443291,-19.5807116610971,-96.296,0.553,0.33,-31.8043333333333,3119.39373433333,55.8515329631455,9273.334325,96.2981532792815,96.2975878462176,1
0.894,0.325,0.38,0.533,0.098497,0.313842317095703,1.049261,1.02433441804911,0.951241819938548,26.6197295443291,-23.0282061619847,9.173,36.842,0.33,15.4483333333333,362.816392333333,19.0477398221766,1441.585793,37.9682208300573,37.9667867089118,1
0.894,0.325,0.38,0.533,0.098497,0.313842317095703,1.049261,1.02433441804911,0.951241819938548,26.6197295443291,-23.0282061619847,9.814,36.842,0.343,15.6663333333333,358.731604333333,18.9402113064594,1453.765209,38.1282730922868,38.1267302558192,1
0.865,0.363,0.38,0.536,0.081253,0.285049118574326,1.024394,1.01212351024961,0.938079953948489,30.1172947473221,-23.7161894513671,9.814,36.842,0.4,15.6853333333333,357.859257333333,18.9171683222763,1453.80756,38.128828463513,38.1267302558192,1
0.865,0.363,0.365,0.531,0.083668,0.289254213452458,1.013219,1.00658780044266,0.938079953948489,30.1172947473221,-22.8780580281182,-7.703,-18.628,19.357,-2.32466666666667,382.409908333333,19.5553038414987,781.032042,27.9469504955371,20.1578419727906,1
0.868,0.362,0.36,0.53,0.085684,0.292718294611048,1.014068,1.00700943391807,0.94046158879563,29.7729481314333,-22.526060546729,-9.778,-18.628,19.357,-3.01633333333333,395.005158333333,19.8747366858868,817.305117,28.5885487039829,21.0383380522322,1
0.883,0.355,0.354,0.530666666666667,0.0931043333333333,0.305130026928412,1.03103,1.01539647428972,0.951690075602346,27.9936033968551,-21.846145592438,-9.778,-18.628,19.357,-3.01633333333333,395.005158333333,19.8747366858868,817.305117,28.5885487039829,21.0383380522322,1
0.908,0.295,0.333,0.512,0.117973,0.343471978478594,1.022378,1.01112709389077,0.954719330484096,24.7695868265909,-20.1400115329262,-8.649,-2.949,0.313,-3.76166666666667,20.5746813333333,4.53593224523177,83.599771,9.14329103769535,9.13793204176963,1
0.909,0.293,0.331,0.511,0.119164,0.345201390495461,1.021691,1.01078731689708,0.955054972239818,24.6324773174015,-20.0084071382512,-8.435,-2.901,0.292,-3.68133333333333,19.4968223333333,4.41552061860584,79.65029,8.92470111544359,8.91992298173028,1
0.918,0.293,0.284,0.498333333333333,0.132110333333333,0.363469852028106,1.009229,1.00460390204299,0.963624927033335,23.3645749994502,-17.1904041561867,-8.008,-2.901,0.192,-3.57233333333333,17.1480163333333,4.14101634062622,72.580729,8.51943243414724,8.51726863495569,1
0.948,0.178,0.276,0.467333333333333,0.175681333333333,0.419143571265662,1.006564,1.00327663184189,0.964566223750345,18.5583536994437,-16.2323506611562,-6.879,-2.87,0.136,-3.20433333333333,12.3863903333333,3.51943039898978,55.576037,7.45493373545332,7.45369311147166,1
0.948,0.178,0.276,0.467333333333333,0.175681333333333,0.419143571265662,1.006564,1.00327663184189,0.964566223750345,18.5583536994437,-16.2323506611562,-6.879,-2.87,-9.055,-6.268,9.843547,3.13744274848164,137.550566,11.7281953428479,7.45369311147166,1
0.929,0.176,0.305,0.47,0.162171,0.402704606380409,0.987042,0.993499874182176,0.945524722045913,21.7205339752639,-18.1755259795646,-6.879,-13.501,-9.391,-9.92366666666667,11.1755213333333,3.34298090531988,317.788523,17.8266239933421,15.1524797310539,1
0.929,0.032,0.305,0.422,0.211419,0.459803218779512,0.95709,0.978309766893902,0.929550966865185,21.7205339752639,-18.1755259795646,-26.288,-28.272,-9.391,-21.317,107.656171,10.3757491777702,1578.555809,39.7310433917862,38.6052448250235,1
0.956,0,0.305,0.420333333333333,0.238460333333333,0.488324004461519,1.006961,1.00347446404978,0.956,17.0596212568516,-17.6946411545227,-26.288,-28.272,-14.06,-22.8733333333333,59.2401973333333,7.69676538120614,1688.048528,41.0858677406234,38.6052448250235,1
0.869,-0.196,-0.395,0.0926666666666667,0.461920333333333,0.679647212407535,0.949602,0.974475243400262,0.890829388828186,29.657359810044,24.4439547804165,-7.001,-7.947,-0.48,-5.14266666666667,16.5290743333333,4.06559643020964,112.39921,10.6018493669737,10.590977764116,1
0.869,-0.196,-0.395,0.0926666666666667,0.461920333333333,0.679647212407535,0.949602,0.974475243400262,0.890829388828186,29.657359810044,24.4439547804165,-7.001,-8.588,-0.815,-5.468,16.867449,4.107,123.43197,11.1099941494134,11.0800606947796,1
0.861,-0.196,-0.42,0.0816666666666667,0.468064333333333,0.684152273498622,0.956137,0.97782258104423,0.883027179649641,30.5709510808191,26.0033458445114,-5.933,-8.588,-0.815,-5.112,15.610413,3.95100151860259,109.618458,10.4698833804393,10.4381144370044,1
0.817,-0.212,-0.442,0.0543333333333334,0.449470333333333,0.670425486786812,0.907797,0.952783815983458,0.844057462498851,35.2143999291155,28.4135508114582,2.917,1.757,-0.166,1.50266666666667,2.42473633333333,1.55715648967383,11.623494,3.40932456653807,3.40528089883933,1
0.817,-0.212,-0.442,0.0543333333333334,0.449470333333333,0.670425486786812,0.907797,0.952783815983458,0.844057462498851,35.2143999291155,28.4135508114582,2.917,2.368,-0.166,1.70633333333333,2.70457433333333,1.64455900877206,14.143869,3.76083355122239,3.7571682155581,1
0.823,-0.227,-0.413,0.061,0.444132,0.666432292134768,0.899427,0.948381252450722,0.853731808005301,34.6137572740921,26.6485320983534,0.964,2.368,0.405,1.24566666666667,1.02284433333333,1.01135766835148,6.700745,2.58857972641369,2.55670099933488,1
0.839,-0.229,-0.413,0.0656666666666667,0.456997333333333,0.67601577890855,0.926931,0.96277255881127,0.869690749634604,32.9653277405974,26.2088409727927,0.72,2.368,0.405,1.16433333333333,1.11141633333333,1.05423732306029,6.289849,2.50795713679481,2.4750402016937,1
0.839,-0.229,-0.432,0.0593333333333333,0.466212333333333,0.682797432137331,0.942986,0.971074662423029,0.869690749634604,32.9653277405974,27.2438793597493,-0.287,0.018,0.405,0.0453333333333333,0.120276333333333,0.346808784971392,0.246718,0.496707157186204,0.287563905940923,1
0.834,-0.237,-0.435,0.054,0.466101,0.682715899917381,0.94095,0.970025772853485,0.867020760997106,33.4881455011715,27.5457675910743,-0.287,0.018,0.405,0.0453333333333333,0.120276333333333,0.346808784971392,0.246718,0.496707157186204,0.287563905940923,1
0.834,-0.237,-0.435,0.054,0.466101,0.682715899917381,0.94095,0.970025772853485,0.867020760997106,33.4881455011715,27.5457675910743,-0.043,0.506,0.161,0.208,0.077007,0.277501351348061,0.283806,0.532734455427843,0.507823788336072,1
0.836,-0.233,-0.433,0.0566666666666667,0.465520333333333,0.68229050508807,0.940674,0.969883498158413,0.867862316269119,33.2798909446823,27.3815628275476,0.079,0.628,0.1,0.269,0.096771,0.311080375465891,0.410625,0.640800280898815,0.632949445058608,1
0.84,-0.229,-0.433,0.0593333333333333,0.467484333333333,0.683728259861572,0.94553,0.972383669134771,0.870655500183626,32.8598803788891,27.2700275569591,0.079,0.872,0.1,0.350333333333333,0.204212333333333,0.451898587443392,0.776625,0.881263297772011,0.875571242104262,1
0.84,-0.229,-0.433,0.0593333333333333,0.467484333333333,0.683728259861572,0.94553,0.972383669134771,0.870655500183626,32.8598803788891,27.2700275569591,0.293,0.628,0.1,0.340333333333333,0.0713763333333333,0.267163495510396,0.490233,0.70016640879151,0.692988455892304,1
0.841,-0.224,-0.435,0.0606666666666667,0.467820333333333,0.683973927378327,0.946682,0.972975847593351,0.870320056071328,32.7541317160678,27.3498757800699,0.293,0.628,0.314,0.411666666666667,0.0352103333333333,0.187644166798047,0.578829,0.760808122985027,0.692988455892304,1
0.841,-0.224,-0.435,0.0606666666666667,0.467820333333333,0.683973927378327,0.946682,0.972975847593351,0.870320056071328,32.7541317160678,27.3498757800699,0.293,0.628,0.619,0.513333333333333,0.0364303333333333,0.190867318662293,0.863394,0.929189969812417,0.692988455892304,1
0.841,-0.222,-0.435,0.0613333333333333,0.467252333333333,0.683558580761981,0.94579,0.972517352030286,0.869807449956598,32.7541317160678,27.3498757800699,0.079,-0.226,0.619,0.157333333333333,0.183108333333333,0.427911595231227,0.440478,0.663685166325118,0.239409690697766,1
0.834,-0.207,-0.424,0.0676666666666667,0.452222333333333,0.672474782674662,0.918181,0.958217616202082,0.859304951690609,33.4881455011715,26.948478012104,-0.409,-0.226,0.314,-0.107,0.141303,0.375902912997492,0.316953,0.562985790229203,0.467286849804272,1
0.818,-0.201,-0.42,0.0656666666666667,0.436494333333333,0.66067717785113,0.885925,0.941235889668472,0.842333069515854,35.1149156694112,27.1781149144025,-0.409,0.14,-0.022,-0.097,0.079569,0.282079775949996,0.187365,0.432856789250209,0.432297351368245,1
0.818,-0.201,-0.42,0.0656666666666667,0.436494333333333,0.66067717785113,0.885925,0.941235889668472,0.842333069515854,35.1149156694112,27.1781149144025,0.171,4.321,-0.022,1.49,6.020233,2.45361631067288,18.700766,4.324438229412,4.32438226802395,1
0.855,-0.202,-0.397,0.0853333333333333,0.453796333333333,0.673644070213146,0.929438,0.964073648638941,0.878537990072143,31.2402652161817,24.906737667567,0.171,4.321,-0.022,1.49,6.020233,2.45361631067288,18.700766,4.324438229412,4.32438226802395,1
0.855,-0.202,-0.388,0.0883333333333333,0.449482333333333,0.67043443626751,0.922373,0.960402519780118,0.878537990072143,31.2402652161817,24.4086026071512,-0.409,-0.716,0.249,-0.292,0.243073,0.493024340169935,0.741938,0.861358229774349,0.824582924877783,1
0.698,0.116,-0.184,0.21,0.201108,0.448450666183026,0.534516,0.731106011464822,0.707573317755835,45.7332368484762,14.7678030463542,-18.293,-6.055,17.709,-2.213,335.106724,18.3059204630633,684.905555,26.1707003154291,19.2690652082554,1
0.644,0.116,-0.154,0.202,0.164748,0.405891611147607,0.451908,0.672241028203427,0.654363813180405,49.9092597508807,13.4486150516865,-18.293,-6.055,21.737,-0.870333333333332,420.760801333333,20.5124547856499,843.794043,29.0481332102426,19.2690652082554,1
0.607,0.116,-0.148,0.191666666666667,0.146800333333333,0.383145316209573,0.403809,0.635459676140036,0.617984627640526,52.6271018898546,13.7026149822037,-17.011,14.025,21.768,6.26066666666667,421.166364333333,20.5223381790022,959.92057,30.9825849470311,22.0471028935776,1
0.607,0.109,-0.085,0.210333333333333,0.127417333333333,0.356955646170968,0.387555,0.622539155395064,0.616709007555427,52.6271018898546,7.97146193025586,-17.011,40.057,21.768,14.938,849.175831,29.1406216646111,2367.783194,48.6598725234664,43.519390735625,1
0.601,0.109,0.062,0.257333333333333,0.0891323333333333,0.298550386590494,0.376926,0.613942994096357,0.610804387672518,53.058449007818,-5.88987776492738,-24.915,51.684,27.596,18.1216666666667,1534.17394433333,39.1685325782488,4053.532297,63.6673566044641,57.3758928557979,1
0.601,0.16,0.389,0.383333333333333,0.0486443333333333,0.220554603972199,0.538122,0.733567992758681,0.621933276163931,53.058449007818,-32.9131479697801,-33.673,63.311,27.596,19.078,2405.891307,49.049885902008,5903.692866,76.8354922285268,71.7088115227132,1
0.601,0.384,0.799,0.594666666666667,0.0430863333333333,0.207572477302106,1.147058,1.07100793647853,0.713201934938486,53.058449007818,-53.0498722692481,-40.357,63.311,22.714,15.2226666666667,2728.85361233333,52.238430416058,6152.895966,78.4403975385133,75.07975872364,1
1.036,0.384,0.799,0.739666666666667,0.108916333333333,0.330024746546881,1.859153,1.36350760907301,1.10487646368271,0,-37.6406856643216,-40.357,63.311,22.714,15.2226666666667,2728.85361233333,52.238430416058,6152.895966,78.4403975385133,75.07975872364,1
1.048,0.058,0.353,0.486333333333333,0.258358333333333,0.508289615606431,1.226277,1.10737392058871,1.04960373474945,0,-18.6151751586308,24.493,75.732,0.638,33.621,1472.267497,38.3701380894049,6335.649917,79.5967958965686,79.5942389435316,1
1.551,0.058,0.353,0.654,0.625213,0.790704116594823,2.533574,1.5917204528434,1.55208408277387,0,-12.8218282341754,24.493,3.534,0.551,9.526,170.232889,13.0473326392792,612.699806,24.752773703163,24.7466402770154,1
1.941,0.769,0.353,1.021,0.678064,0.823446415985886,4.483451,2.11741611404088,2.08778399265824,0,-10.3074440921724,24.493,12.438,-0.388,12.181,154.815577,12.4424907876197,754.761437,27.4729218868325,27.4701818887316,1
1.941,0.769,0.253,0.987666666666667,0.748197333333333,0.864984007559292,4.422851,2.10305753606505,2.08778399265824,0,-7.42636010725772,-11.762,12.438,-0.388,0.096,146.585692,12.1072578233058,293.199032,17.1230555684434,17.1186590596343,1
1.343,0.461,0.165,0.656333333333333,0.375537333333333,0.612811009474645,2.043395,1.42947367936594,1.41991901177497,0,-7.0042169194217,-11.762,12.438,5.044,1.90666666666667,153.792145333333,12.4012961150572,318.490424,17.8463000086853,17.1186590596343,1
1.302,0.448,0.116,0.622,0.374356,0.611846385949938,1.909364,1.3817973802262,1.37691975074802,0,-5.09125058268693,-8.13,12.438,5.044,3.11733333333333,108.544689333333,10.4184782638029,246.24268,15.6921215901484,14.8593655315427,1
1.302,0.448,0.116,0.622,0.374356,0.611846385949938,1.909364,1.3817973802262,1.37691975074802,0,-5.09125058268693,7.434,-4.583,0.186,1.01233333333333,36.6141923333333,6.05096623138267,76.302841,8.73514974113209,8.73316924146097,1
0.857,0.299,0.116,0.424,0.148989,0.385990932535986,0.837306,0.91504426122456,0.907661831300623,31.0186064586869,-7.70847299397632,7.434,-4.583,0.183,1.01133333333333,36.6166743333333,6.05117131911941,76.301734,8.73508637621861,8.73316924146097,1
0.857,0.299,0.115,0.423666666666667,0.149297333333333,0.386390130998882,0.837075,0.914918029115177,0.907661831300623,31.0186064586869,-7.64280946917809,-13.288,-0.887,0.183,-4.664,56.066257,7.4877404468905,177.391202,13.3188288524179,13.3175715879435,1
0.918,0.299,0.115,0.444,0.176971,0.420679212702506,0.94535,0.972291108670649,0.965466208626692,23.3645749994502,-7.14037920669506,-13.898,-0.887,0.183,-4.86733333333333,61.4509303333333,7.83906437869554,193.974662,13.9274786662913,13.9262763508412,1
0.935,0.292,0.106,0.444333333333333,0.189214333333333,0.434987739290814,0.970725,0.985253774415506,0.979535093807261,20.7718550453282,-6.46794881744717,-13.898,-2.942,0.183,-5.55233333333333,54.6790203333333,7.39452637653916,201.843257,14.2071551339457,14.2059764887881,1
0.936,0.292,0.085,0.437666666666667,0.196964333333333,0.443806639577793,0.968585,0.984167160598239,0.980489673581522,20.6096929375321,-5.18890961485976,-9.168,-4.102,0.282,-4.32933333333333,22.3643853333333,4.72909984387445,100.958152,10.0477933895955,10.0438353232219,1
0.936,0.292,0.082,0.436666666666667,0.198025333333333,0.445000374531678,0.968084,0.983912597744332,0.980489673581522,20.6096929375321,-5.0067193746993,-6.879,-40.961,0.282,-15.8526666666667,485.641282333333,22.0372703013176,1725.203686,41.5355713334968,41.5346140225234,1
0.936,0.292,0.076,0.434666666666667,0.200165333333333,0.447398405599901,0.967136,0.983430729639866,0.980489673581522,20.6096929375321,-4.64203781350753,-6.879,-40.961,0.282,-15.8526666666667,485.641282333333,22.0372703013176,1725.203686,41.5355713334968,41.5346140225234,1
0.936,0.279,0.057,0.424,0.208929,0.457087518972024,0.957186,0.978358829877873,0.976696984739894,20.6096929375321,-3.48486244390946,-6.971,-1.539,-0.297,-2.93566666666667,12.5985773333333,3.54944746873839,51.051571,7.14503820843528,7.13886279459131,1
0.936,0.279,0.057,0.424,0.208929,0.457087518972024,0.957186,0.978358829877873,0.976696984739894,20.6096929375321,-3.48486244390946,-6.971,-1.539,-0.297,-2.93566666666667,12.5985773333333,3.54944746873839,51.051571,7.14503820843528,7.13886279459131,1
0.945,0.279,0.087,0.437,0.202764,0.450293237790665,0.978435,0.989158733470013,0.985325326985966,19.0910525128604,-5.26002221567099,1.819,-1.539,0.28,0.186666666666667,2.82557433333333,1.68094447657659,5.755682,2.39910024800966,2.38270476559728,1
0.945,0.279,0.087,0.437,0.202764,0.450293237790665,0.978435,0.989158733470013,0.985325326985966,19.0910525128604,-5.26002221567099,2.124,-1.508,0.28,0.298666666666667,3.29811733333333,1.81607195158489,6.86384,2.61989312759128,2.60488771351089,1
0.945,0.274,0.079,0.432666666666667,0.206370333333333,0.454280016436265,0.974342,0.987087635420483,0.983921236685132,19.0910525128604,-4.77869443917916,2.124,-1.325,0.244,0.347666666666667,2.98196033333333,1.72683535212056,6.326537,2.51526082146564,2.50339789086753,1
0.947,0.265,0.07,0.427333333333333,0.212046333333333,0.460484889364823,0.971934,0.985867131007014,0.983378869002177,18.7375417673679,-4.22748028989073,2.124,-1.325,0.244,0.347666666666667,2.98196033333333,1.72683535212056,6.326537,2.51526082146564,2.50339789086753,1
0.948,0.25,0.07,0.422666666666667,0.215081333333333,0.46376862047074,0.966104,0.982905895800814,0.980410118266841,18.5583536994437,-4.22303706394654,7.922,0.872,1.168,3.32066666666667,15.9011053333333,3.98761900553869,64.882692,8.05497932958242,7.96984742639406,1
0.953,0.242,0.07,0.421666666666667,0.219132333333333,0.4681157264324,0.971673,0.985734751340339,0.983246154327593,17.6360936204484,-4.20096005145222,7.922,0.872,1.168,3.32066666666667,15.9011053333333,3.98761900553869,64.882692,8.05497932958242,7.96984742639406,1
0.965,0.239,0.054,0.419333333333333,0.231870333333333,0.481529161456846,0.991262,0.995621413992287,0.994155923384255,15.203604093293,-3.20284839551932,5.175,-0.013,1.168,2.11,7.394359,2.71925706765653,28.145018,5.30518783833334,5.17501632847666,1
0.965,0.239,0.051,0.418333333333333,0.232969333333333,0.48266896868696,0.990947,0.995463208762634,0.994155923384255,15.203604093293,-3.02525259253516,2.215,-1.081,1.443,0.859,2.971696,1.72386078324208,8.157035,2.85605234545868,2.46470809630674,1
0.952,0.239,0.051,0.414,0.225919,0.475309372935144,0.966026,0.982866216735523,0.981542153959778,17.8242358246438,-3.06648550112589,0.567,-1.081,1.443,0.309666666666667,1.64230933333333,1.28152617348743,3.572299,1.89005264476945,1.22067604219957,1
0.952,0.241,0.071,0.421333333333333,0.218430333333333,0.467365310365814,0.969426,0.984594332707639,0.982031058571978,17.8242358246438,-4.26521338107764,-2.881,1.605,-0.388,-0.554666666666667,5.05188233333333,2.24763928007439,11.02673,3.32065204440333,3.29790630552173,1
0.954,0.257,0.073,0.428,0.215971,0.464726801465119,0.981494,0.990703790242068,0.988010627473207,17.445987705778,-4.3757411159394,-3.431,1.605,-1.548,-1.12466666666667,6.47473233333333,2.5445495344625,16.74409,4.09195430082009,3.78784714580723,1
0.954,0.282,0.073,0.436333333333333,0.211904333333333,0.460330678244817,0.994969,0.997481328146046,0.994806513850809,17.445987705778,-4.3757411159394,-3.431,0.72,-1.548,-1.41966666666667,4.32005233333333,2.07847355848789,14.686465,3.83229239489891,3.50573259105711,1
0.951,0.282,0.075,0.436,0.209631,0.457854780470839,0.98955,0.994761277895355,0.991929937041926,18.010475910494,-4.50926147347993,-1.752,0.018,-0.693,-0.809,0.793317,0.890683445450739,3.550077,1.88416480170923,1.75209246331351,1
0.951,0.277,0.073,0.433666666666667,0.211129333333333,0.459488120992625,0.986459,0.993206423660258,0.990520065420181,18.010475910494,-4.38949085209764,-0.135,-0.318,-0.266,-0.239666666666667,0.00889233333333333,0.0942991693141214,0.190105,0.436010320978759,0.345469246098694,1
0.951,0.266,0.072,0.429666666666667,0.213250333333333,0.461790356475028,0.980341,0.990121709690278,0.987500379746763,18.010475910494,-4.32959105858677,-0.135,-0.318,-0.083,-0.178666666666667,0.0152363333333333,0.123435543233436,0.126238,0.355299873346445,0.345469246098694,1
0.958,0.259,0.072,0.429666666666667,0.218094333333333,0.467005710172085,0.990029,0.995002010048221,0.992393571119846,16.6645713738191,-4.29807419954511,-1.508,-0.318,0.619,-0.402333333333333,1.13636633333333,1.06600484676822,2.758349,1.66082780564392,1.54116449478957,1
0.958,0.259,0.062,0.426333333333333,0.221704333333333,0.4708548962614,0.988689,0.994328416570702,0.992393571119846,16.6645713738191,-3.70291353901113,-1.66,-0.318,1.26,-0.239333333333333,2.13624133333333,1.46158863341685,4.444324,2.10815654067719,1.69018460530204,1
0.952,0.261,0.058,0.423666666666667,0.219654333333333,0.468672949222945,0.977789,0.988832139445316,0.987129677398061,17.8242358246438,-3.48639993556062,-1.66,-0.654,1.473,-0.280333333333333,2.55864233333333,1.59957567289995,5.353045,2.31366484176079,1.78418496798959,1
0.952,0.261,0.054,0.422333333333333,0.221122333333333,0.470236465337742,0.977341,0.988605583637883,0.987129677398061,17.8242358246438,-3.24649184605409,-1.844,-0.654,1.473,-0.341666666666667,2.82378633333333,1.68041254855269,5.997781,2.44903674941802,1.95654082502768,1
0.953,0.268,0.054,0.425,0.220537,0.469613671010545,0.982949,0.991437844748727,0.989966161037841,17.6360936204484,-3.24309251923446,-1.935,-0.654,-0.114,-0.901,0.874767,0.935289794662596,4.184937,2.04571185654285,2.04253298626974,1
0.953,0.268,0.052,0.424333333333333,0.221280333333333,0.470404435920127,0.982737,0.991330923556811,0.989966161037841,17.6360936204484,-3.12322033637159,-1.935,-1.172,-0.114,-1.07366666666667,0.836262333333333,0.91447380133787,5.130805,2.26512803170152,2.26225750081639,1
0.95,0.268,0.052,0.423333333333333,0.219697333333333,0.468718821185296,0.977028,0.988447267182221,0.987078517646899,18.1948723387668,-3.13306351917362,-1.935,-1.172,-0.114,-1.07366666666667,0.836262333333333,0.91447380133787,5.130805,2.26512803170152,2.26225750081639,1
0.95,0.265,0.052,0.422333333333333,0.220166333333333,0.469218854409468,0.975429,0.987638091610485,0.986268219096611,18.1948723387668,-3.13306351917362,0,0,0,0,0,0,0,0,0,1
0.865,-0.267,-0.344,0.0846666666666667,0.458172333333333,0.676884283562068,0.93785,0.968426558908831,0.905270125432183,30.1172947473221,21.6871152443518,-0.104,-0.837,-0.269,-0.403333333333333,0.147856333333333,0.384520914038929,0.783746,0.885294301348427,0.843436423211613,1
0.865,-0.267,-0.344,0.0846666666666667,0.458172333333333,0.676884283562068,0.93785,0.968426558908831,0.905270125432183,30.1172947473221,21.6871152443518,-0.165,-0.856,-0.269,-0.43,0.138811,0.37257348268496,0.832322,0.912316830931009,0.871757420387117,1
0.862,-0.267,-0.344,0.0836666666666667,0.455834333333333,0.675155043922012,0.932669,0.965747896710109,0.902404011515906,30.458110087174,21.7555545305453,-0.165,-0.856,-0.269,-0.43,0.138811,0.37257348268496,0.832322,0.912316830931009,0.871757420387117,1
0.862,-0.267,-0.357,0.0793333333333333,0.461450333333333,0.679301356787496,0.941782,0.970454532680434,0.902404011515906,30.458110087174,22.497044601303,0.14,-0.856,-0.266,-0.327333333333333,0.250825333333333,0.500824653280301,0.823092,0.90724417881847,0.867373045465444,1
0.862,-0.27,-0.357,0.0783333333333333,0.462492333333333,0.680067888767977,0.943393,0.971284201457019,0.903296186198082,30.458110087174,22.497044601303,0.14,0.384,0.283,0.269,0.015031,0.122600978788915,0.247145,0.497136802097773,0.408724846320847,1
0.862,-0.27,-0.357,0.0783333333333333,0.462492333333333,0.680067888767977,0.943393,0.971284201457019,0.903296186198082,30.458110087174,22.497044601303,0.14,0.933,0.283,0.452,0.178633,0.42264997338223,0.970178,0.98497614184304,0.943445281932132,1
0.864,-0.271,-0.354,0.0796666666666667,0.463106333333333,0.680519164559921,0.945253,0.97224122521111,0.905503727214858,30.2312862551218,22.2800027185423,0.14,0.933,0.283,0.452,0.178633,0.42264997338223,0.970178,0.98497614184304,0.943445281932132,1
0.864,-0.271,-0.354,0.0796666666666667,0.463106333333333,0.680519164559921,0.945253,0.97224122521111,0.905503727214858,30.2312862551218,22.2800027185423,0.14,0.445,0.466,0.350333333333333,0.0332903333333333,0.182456387482964,0.434781,0.659379253540783,0.466502947471932,1
0.864,-0.267,-0.355,0.0806666666666667,0.462144333333333,0.67981198381121,0.94381,0.971498841996222,0.904314657627532,30.2312862551218,22.3367620250341,0.171,0.445,0.466,0.360666666666667,0.0270903333333333,0.164591413303773,0.444422,0.666649833120807,0.476724238947423,1
0.862,-0.265,-0.355,0.0806666666666667,0.459886333333333,0.678149196956933,0.939294,0.969171811393625,0.901814282432919,30.458110087174,22.3834780579371,0.018,0.445,-0.285,0.0593333333333333,0.134506333333333,0.366751050896018,0.279574,0.528747576826599,0.445363896156839,1
0.854,-0.265,-0.355,0.078,0.453657,0.673540644653313,0.925566,0.962063407473749,0.89417056538448,31.3505659313697,22.5722098151278,0.201,0.445,-0.285,0.120333333333333,0.138105333333333,0.371625259277856,0.319651,0.565376865462322,0.48828884894087,1
0.828,-0.265,-0.38,0.061,0.444523,0.666725580730183,0.900209,0.948793444328111,0.869372762398271,34.106165544266,24.6521507373156,0.201,-0.82,-0.285,-0.301333333333333,0.260810333333333,0.510695930406082,0.794026,0.891081365532913,0.844275428992222,1
0.817,-0.286,-0.46,0.0236666666666667,0.479602333333333,0.692533272365547,0.960885,0.980247417747173,0.865612499909746,35.2143999291155,29.3810553342437,3.924,-0.82,-5.82,-0.905333333333333,23.7418453333333,4.87256044942834,49.942576,7.06700615536735,4.00876240253772,1
0.817,-0.286,-0.477,0.018,0.487921,0.698513421488807,0.976814,0.988339010663851,0.865612499909746,35.2143999291155,30.2782342329765,3.924,-0.82,-7.346,-1.414,32.017852,5.658431938267,70.033892,8.3686254546371,4.00876240253772,1
0.897,-0.079,-0.477,0.113666666666667,0.499809333333333,0.706971946638149,1.038379,1.01900883215014,0.900472098401722,26.2335096359576,28.0028203979098,-49.207,81.53,-65.269,-10.982,6483.349569,80.5192496798126,13328.51211,115.449175440971,95.2285133192785,1
1.322,0.064,-0.316,0.356666666666667,0.735001333333333,0.857322187589551,1.851636,1.36074832353378,1.32354826130368,0,13.4432676357445,-88.452,81.53,-65.269,-24.0636666666667,8496.87970233333,92.1785208296018,18730.939565,136.861022811464,120.295042308484,1
1.322,0.161,-0.258,0.408333333333333,0.669980333333333,0.818523263770391,1.840169,1.3565282894212,1.33176762237261,0,11.0429767842938,-88.452,2.825,-44.791,-43.4726666666667,2084.17618433333,45.6527784952168,9837.97061,99.1865445007537,88.497101246312,1
0.953,0.213,-0.067,0.366333333333333,0.277733333333333,0.527004111305911,0.958067,0.978808970126449,0.976513184754819,17.6360936204484,4.0215227883124,-33.246,2.825,0.196,-10.075,404.399341,20.1096827672641,1113.315557,33.3663836368283,33.3658079626434,1
0.845,0.261,-0.053,0.351,0.207676,0.45571482310761,0.784955,0.885976862000357,0.884390185381995,32.3280641221623,3.58899829128264,-28.333,35.937,16.854,8.15266666666666,1089.44312633333,33.0067133524884,2378.284174,48.7676549979595,45.7627234547945,1
0.831,0.261,-0.053,0.346333333333333,0.200825333333333,0.448135396206697,0.761491,0.872634516851127,0.871023535847339,33.7984003764101,3.64930071893019,-25.464,35.937,17.22,9.231,990.388791,31.4704431332004,2236.411665,47.2907143633927,44.0441059053309,1
0.764,0.261,-0.015,0.336666666666667,0.156004333333333,0.394973838796107,0.652042,0.80749117642238,0.807351843993683,40.1818905488014,1.1247726281189,-14.722,5.908,18.014,3.06666666666667,273.966305333333,16.5519275413268,576.145944,24.0030403074277,15.8632199757805,1
0.622,0.175,0.004,0.267,0.101829,0.319106565272481,0.417525,0.646161744457222,0.646149363537565,51.5376673836452,-0.368456525337702,-1.355,5.908,18.014,7.52233333333333,95.7440943333333,9.78489112526723,361.244685,19.0064379882186,6.06139332167118,1
0.567,0.063,0.061,0.230333333333333,0.0850093333333334,0.291563600837507,0.329179,0.573741230869806,0.570489263702657,55.458709541466,-6.1404783736327,-1.355,24.218,12.917,11.9266666666667,164.230152333333,12.8152312633574,755.196438,27.4808376509887,24.2558765869222,1
0.567,0.063,0.413,0.347666666666667,0.0667053333333334,0.258273756571072,0.496027,0.704291842917409,0.570489263702657,55.458709541466,-36.069409899581,-55.249,24.218,4.769,-8.754,1715.904669,41.4234796824217,3661.706886,60.5120391822983,60.323822201515,1
0.567,0.293,0.652,0.504,0.035197,0.187608635195718,0.832442,0.91238259518691,0.638230365933806,55.458709541466,-48.9887375296462,-84.18,24.218,4.769,-18.3976666666667,3340.05243433333,57.7931867466515,7695.527285,87.724154512882,87.5944286127834,1
0.635,0.705,0.855,0.731666666666667,0.0126333333333333,0.112398102000582,1.631275,1.27721376441064,0.948815050470849,50.580015532941,-53.3990946478525,-84.18,14.239,-14.243,-28.0613333333333,2564.78464233333,50.6437028892372,7491.88457,86.5556732398287,85.3757665909947,1
0.753,1,0.903,0.885333333333333,0.0154863333333333,0.124444097221738,2.382418,1.54350834140927,1.2518023006849,41.1490802845014,-50.1757109144402,-65.29,10.272,-26.938,-27.3186666666667,1427.51264133333,37.7824382661222,5093.953928,71.3719407610582,66.093101637009,1
0.753,1.169,0.922,0.948,0.043771,0.209215200212604,2.783654,1.66842860200849,1.39052867643929,41.1490802845014,-50.7613902571591,9.356,-20.978,-26.938,-12.8533333333333,378.821265333333,19.4633313010218,1253.267064,35.4015121710923,22.9697892894123,1
0.481,1.169,0.922,0.857333333333333,0.121472333333333,0.34852881277354,2.448006,1.56461049465993,1.26408939557296,61.2492660247044,-62.4493122196899,44.421,-27.845,-8.323,2.751,1397.568796,37.3840714208605,2817.841595,53.0833457404486,52.4267991202972,1
0.343,0.797,0.173,0.437666666666667,0.104065333333333,0.32259158906167,0.782787,0.884752507767003,0.867673901877889,69.9402439493646,-26.7651520381987,51.532,-48.749,21.066,7.94966666666667,2643.09839033333,51.411072643287,5475.788381,73.9985701280775,70.936676162617,1
0.343,0.325,-0.518,0.05,0.242049,0.491984755861399,0.491598,0.70114049947211,0.472518782695461,69.9402439493646,56.4889812021592,87.725,-86.988,21.066,7.26766666666667,7773.95359433333,88.1700266209177,15706.364125,125.325033911825,123.541846226289,1
0.414,0.007,-0.518,-0.0323333333333333,0.218316333333333,0.467243334177528,0.439769,0.663150812409968,0.414059174514948,65.543642505153,51.3671798642687,92.059,-89.338,-0.297,0.807999999999996,8227.133671,90.7035482823026,16456.225934,128.281822305423,128.281478495533,1
1.194,-0.054,-0.361,0.259666666666667,0.678296333333333,0.823587477644806,1.558873,1.24854835709315,1.19522048175222,0,16.8224323898982,92.059,-89.338,-26.359,-7.87933333333334,8482.34146233334,92.0996279163675,17150.934606,130.961576830764,128.281478495533,1
1.701,-0.41,-0.361,0.31,1.451761,1.20489045145192,3.191822,1.7865670992157,1.74971454814778,0,11.9819929057765,65.631,-89.338,-29.99,-17.899,6113.491951,78.1888224172739,13188.106505,114.839481473054,110.854437912968,1
1.701,-0.41,-0.361,0.31,1.451761,1.20489045145192,3.191822,1.7865670992157,1.74971454814778,0,11.9819929057765,-14.081,-0.348,-58.25,-24.2263333333333,915.356242333334,30.2548548555985,3591.458165,59.9287757675726,14.0852996063272,1
1.225,0.544,-0.485,0.428,0.741117,0.860881524949862,2.031786,1.42540731020996,1.34035853412436,0,21.5995224448076,-88.3,22.753,-58.25,-41.2656666666667,3299.54288633333,57.4416476638104,11707.651509,108.201901596044,91.1843682272351,1
0.591,0.607,-0.485,0.237666666666667,0.391749333333333,0.625898820364229,0.952955,0.976194140527385,0.847189471133819,53.7719966107593,39.3737738613643,-104.718,22.753,-53.336,-45.1003333333333,4113.08361433333,64.1333268615728,14328.287429,119.700824679699,107.161366793262,1
-0.028,0.607,-0.607,-0.00933333333333334,0.368710333333333,0.607215228179707,0.737682,0.858884159825992,0.60764545583753,91.6044915265156,92.6410961987537,-135.602,26.263,-38.444,-49.261,6637.825173,81.4728492996286,20555.588709,143.372203404286,138.121857694573,1
-0.132,-0.293,-0.974,-0.466333333333333,0.199774333333333,0.446961221285844,1.051949,1.02564565031009,0.321361167535843,97.5851799878851,97.7179096127537,-142.285,45.367,-6.797,-34.5716666666667,9381.89235733333,96.8601690961426,22349.385123,149.497107406799,149.342512078778,1
-0.132,-0.293,-0.974,-0.466333333333333,0.199774333333333,0.446961221285844,1.051949,1.02564565031009,0.321361167535843,97.5851799878851,97.7179096127537,-142.285,48.022,-6.797,-33.6866666666667,9596.47919233333,97.9616210172807,22597.332918,150.324092939222,150.170348967431,1
1.032,0.777,-0.337,0.490666666666667,0.530030333333333,0.728031821648843,1.782322,1.33503632909371,1.29180222944536,0,18.0844692533043,-18.628,48.022,-6.797,7.53233333333333,1264.55297033333,35.5605535718067,2699.314077,51.9549235106741,51.5083960922877,1
1.091,0.777,-0.019,0.616333333333333,0.327385333333333,0.572175963610263,1.794371,1.33954133941435,1.33940658502189,0,0.997717483992926,86.718,1.199,0.334,29.417,2462.740507,49.6260063575541,7521.560681,86.7269316936786,86.7262885462073,1
1.091,0.184,0.113,0.462666666666667,0.297362333333333,0.545309392302511,1.236906,1.11216275787315,1.10640724871089,0,-5.91330801341579,86.718,0.002,-0.384,28.7786666666667,2517.76200933333,50.1773057201494,7520.158984,86.7188502230051,86.7180000230633,1
1.091,0.184,0.162,0.479,0.281029,0.53012168414431,1.250381,1.11820436414816,1.10640724871089,0,-8.44600100201739,85.254,-0.416,0.002,28.28,2434.571188,49.3413739978935,7268.417576,85.255014960998,85.255014937539,1
0.769,0.184,0.184,0.379,0.114075,0.337749907475931,0.659073,0.811833110928595,0.790706645981934,39.7358255396795,-13.4562753248524,36.212,-0.416,-0.384,11.804,446.813104,21.1379541110298,1311.629456,36.2164252239229,36.2143894053179,1
0.769,0.209,0.165,0.381,0.113392,0.336737286322736,0.662267,0.813797886455845,0.796895225233531,39.7358255396795,-12.1100210264369,-73.865,-0.416,0.002,-24.7596666666667,1808.54400233333,42.5269796991667,5456.211285,73.8661714521607,73.8661714250847,1
0.769,0.209,0.165,0.381,0.113392,0.336737286322736,0.662267,0.813797886455845,0.796895225233531,39.7358255396795,-12.1100210264369,-73.865,0.957,0.002,-24.302,1842.596233,42.9254730084597,5456.954078,73.8711992457142,73.87119921864,1
1.002,0.306,0.165,0.491,0.200811,0.448119403730747,1.124865,1.06059653026021,1.04768315821149,0,-9.35101437425338,-39.563,0.957,0.18,-12.8086666666667,536.996696333333,23.1731891705336,1566.179218,39.574982223622,39.5745728719844,1
1.002,0.306,0.105,0.471,0.221571,0.470713288531352,1.108665,1.0529316217115,1.04768315821149,0,-5.98221553885167,-32.117,0.957,0.242,-10.306,356.917597,18.8922628872245,1032.476102,32.1321661579172,32.131254846333,1
0.936,0.306,0.085,0.442333333333333,0.194990333333333,0.441577097836078,0.976957,0.988411351614296,0.984749714394475,20.6096929375321,-5.18890961485976,-14.569,0.957,0.242,-4.45666666666667,76.8222703333333,8.76483144922556,213.230174,14.6024030214208,14.6003975973259,1
0.936,0.273,0.055,0.421333333333333,0.210542333333333,0.458848922122885,0.95365,0.976550049920638,0.975,20.6096929375321,-3.36287227616618,-2.607,323.95,0.242,107.195,35239.076719,187.720741312728,104950.457513,323.960580183762,323.96048979621,1
0.945,0.273,0.055,0.424333333333333,0.215201333333333,0.463897977289547,0.970579,0.985179679043371,0.983643228004951,19.0910525128604,-3.33091738045005,-2.607,323.95,0.26,107.201,35237.151673,187.715613823145,104950.466549,323.960594129903,323.96048979621,1
0.952,0.274,0.068,0.431333333333333,0.213929333333333,0.462524954281748,0.986004,0.992977341131206,0.99064625371522,17.8242358246438,-4.08561677997488,-2.179,1.055,0.466,-0.219333333333333,2.96695033333333,1.7224837686705,6.078222,2.46540503771693,2.42096385764018,1
0.952,0.274,0.068,0.431333333333333,0.213929333333333,0.462524954281748,0.986004,0.992977341131206,0.99064625371522,17.8242358246438,-4.08561677997488,-2.179,1.055,0.466,-0.219333333333333,2.96695033333333,1.7224837686705,6.078222,2.46540503771693,2.42096385764018,1
0.955,0.273,0.062,0.43,0.217849,0.466742969952414,0.990398,0.995187419534632,0.993254247411004,17.2538531173573,-3.71451321295792,-2.179,1.055,0.466,-0.219333333333333,2.96695033333333,1.7224837686705,6.078222,2.46540503771693,2.42096385764018,1
0.955,0.254,0.062,0.423666666666667,0.220952333333333,0.470055670461844,0.980385,0.990143928931547,0.988200890507593,17.2538531173573,-3.71451321295792,0.506,1.879,-1.304,0.360333333333333,2.54878633333333,1.59649188326572,5.487093,2.34245448194837,1.94593859101463,1
0.955,0.254,0.062,0.423666666666667,0.220952333333333,0.470055670461844,0.980385,0.990143928931547,0.988200890507593,17.2538531173573,-3.71451321295792,0.506,2.52,-1.365,0.553666666666667,3.77501033333333,1.94293858197662,8.469661,2.91026820069904,2.57029881531311,1
0.956,0.254,0.07,0.426666666666667,0.218609333333333,0.467556770171637,0.983352,0.99164106409527,0.989167326593433,17.0596212568516,-4.1878240974812,0.262,2.52,-1.365,0.472333333333333,3.80648633333333,1.95102186900438,8.282269,2.87789315298536,2.53358323328838,1
0.954,0.26,0.07,0.428,0.216532,0.465329990436894,0.982616,0.991269892612501,0.988795226525695,17.445987705778,-4.19657226970648,-2.698,0.231,0.527,-0.646666666666667,3.17788033333333,1.78266102591977,7.610294,2.75867613177045,2.70787093488593,1
0.951,0.267,0.075,0.431,0.212016,0.460451951890748,0.981315,0.990613446304864,0.98777021619403,18.010475910494,-4.50926147347993,-2.698,0.231,0.527,-0.646666666666667,3.17788033333333,1.78266102591977,7.610294,2.75867613177045,2.70787093488593,1
0.951,0.267,0.076,0.431333333333333,0.211660333333333,0.460065575036139,0.981466,0.99068965877312,0.98777021619403,18.010475910494,-4.56913204442214,-2.668,0.231,0.009,-0.809333333333333,2.60330233333333,1.61347523480633,7.171666,2.67799663928094,2.67798151599297,1
0.951,0.265,0.084,0.433333333333333,0.209174333333333,0.457355806056219,0.981682,0.990798667742342,0.987231482480173,18.010475910494,-5.04772595218981,-2.484,-0.043,0.009,-0.839333333333333,2.02937233333333,1.42456040002989,6.172186,2.4843884559384,2.48437215408642,1
0.952,0.261,0.084,0.432333333333333,0.210372333333333,0.458663638555896,0.981481,0.990697229227982,0.987129677398061,17.8242358246438,-5.04245106917091,-2.332,-0.043,-0.175,-0.85,1.651599,1.28514551705245,5.470698,2.3389523295698,2.33239640713151,1
0.952,0.261,0.083,0.432,0.210721,0.459043570916749,0.981314,0.990612941566988,0.987129677398061,17.8242358246438,-4.9827259013793,-2.24,-0.043,-0.175,-0.819333333333333,1.51807633333333,1.23210240375276,5.050074,2.24723697014801,2.24041268519887,1
0.952,0.262,0.083,0.432333333333333,0.210550333333333,0.458857639506343,0.981837,0.990876884380699,0.987394551331939,17.8242358246438,-4.9827259013793,-0.989,0.933,-0.632,-0.229333333333333,1.04512633333333,1.02231420479877,2.248034,1.49934452345016,1.35963598069483,1
0.952,0.275,0.083,0.436666666666667,0.208392333333333,0.456500091274179,0.988818,0.994393282358645,0.990923306820462,17.8242358246438,-4.9827259013793,-0.959,0.933,-0.632,-0.219333333333333,1.02263633333333,1.01125483105562,2.189594,1.47972767764883,1.33797234650048,1
0.952,0.275,0.083,0.436666666666667,0.208392333333333,0.456500091274179,0.988818,0.994393282358645,0.990923306820462,17.8242358246438,-4.9827259013793,-0.257,0.781,-0.602,-0.026,0.518193,0.719856235647091,1.038414,1.01902600555629,0.822198272924481,1
0.942,0.273,0.083,0.432666666666667,0.203590333333333,0.451209855093318,0.968782,0.984267240133491,0.980761438883075,19.6098106888681,-5.03535056054622,-0.043,0.781,-0.175,0.187666666666667,0.268389333333333,0.518063059224776,0.642435,0.801520430182538,0.782182843074431,1
0.942,0.272,0.083,0.432333333333333,0.203750333333333,0.451387121364061,0.968237,0.983990345481093,0.980483554171104,19.6098106888681,-5.03535056054622,-0.043,0.781,0.07,0.269333333333333,0.199544333333333,0.446703854173359,0.61671,0.785308856438026,0.782182843074431,1
0.949,0.265,0.082,0.432,0.208839,0.456989058949993,0.97755,0.988711282427787,0.985305028912367,18.377480657165,-4.93847569760171,-0.196,0.445,0.27,0.173,0.109777,0.331326123328662,0.309341,0.5561843219653,0.486251992283836,1
0.949,0.265,0.082,0.432,0.208839,0.456989058949993,0.97755,0.988711282427787,0.985305028912367,18.377480657165,-4.93847569760171,-6.208,0.445,0.27,-1.831,14.376253,3.79160295917175,38.810189,6.22978241995658,6.22392874316537,1
0.942,0.284,0.09,0.438666666666667,0.199417333333333,0.446561679203818,0.97612,0.987987854176356,0.983880073992761,19.6098106888681,-5.45755348510459,-6.208,-1.447,0.27,-2.46166666666667,11.2632823333333,3.3560813955167,40.705973,6.38012327467111,6.37440765875544,1
0.941,0.284,0.092,0.439,0.198219,0.44521792416748,0.974601,0.987218820728211,0.982922682615474,19.7798228123058,-5.58396617361793,-5.078,-1.447,0.291,-2.078,7.505161,2.73955489085362,27.964574,5.28815412029566,5.28014138068291,1
0.941,0.274,0.092,0.435666666666667,0.199802333333333,0.446992542816246,0.969021,0.984388642762603,0.980080098767443,19.7798228123058,-5.58396617361793,-0.714,0.14,0.291,-0.0943333333333333,0.293690333333333,0.541932037559446,0.614077,0.783630652795052,0.727596041770432,1
0.953,0.274,0.08,0.435666666666667,0.210134333333333,0.458404115746503,0.989685,0.994829131057188,0.991607281135027,17.6360936204484,-4.79846892302867,0.232,0.506,-0.083,0.218333333333333,0.0868703333333333,0.294737736527465,0.316749,0.562804584203078,0.556650698373765,1
0.953,0.276,0.08,0.436333333333333,0.209812333333333,0.458052762608559,0.990785,0.995381836281937,0.99216178116273,17.6360936204484,-4.79846892302867,0.659,0.506,-0.754,0.137,0.601263,0.775411503654672,1.258833,1.12197727249709,0.830853175958304,1
0.948,0.279,0.085,0.437333333333333,0.204994333333333,0.452762999077148,0.98377,0.991851803446463,0.988202914385502,18.5583536994437,-5.12357903100837,1.147,0.506,-0.754,0.299666666666667,0.935380333333333,0.967150625979911,2.140161,1.46292891146494,1.25365266322056,1
0.948,0.28,0.085,0.437666666666667,0.204836333333333,0.452588481220339,0.984329,0.992133559557381,0.988485710569455,18.5583536994437,-5.12357903100837,1.574,0.75,-0.358,0.655333333333333,0.939877333333333,0.96947270891621,3.16814,1.77992696479378,1.74355269493067,1
0.948,0.28,0.085,0.437666666666667,0.204836333333333,0.452588481220339,0.984329,0.992133559557381,0.988485710569455,18.5583536994437,-5.12357903100837,2.002,1.269,0.283,1.18466666666667,0.744074333333334,0.862597434110103,5.698454,2.38714348123442,2.37030905157956,1
0.948,0.281,0.091,0.44,0.202573,0.450081103802415,0.985946,0.992948135604272,0.988769437229934,18.5583536994437,-5.48311135071643,2.002,1.269,0.375,1.21533333333333,0.663942333333334,0.814826566413573,5.75899,2.39978957410853,2.37030905157956,1
0.948,0.281,0.091,0.44,0.202573,0.450081103802415,0.985946,0.992948135604272,0.988769437229934,18.5583536994437,-5.48311135071643,2.002,0.842,0.375,1.073,0.701803,0.837736832185383,4.857593,2.20399478220798,2.17185819058243,1
0.889,-0.247,-0.32,0.107333333333333,0.459584333333333,0.677926495523912,0.95373,0.976591009583848,0.922675457568911,27.2521449116506,19.7965941087778,0.628,0,1.962,0.863333333333333,1.00389733333333,1.00194677170663,4.243828,2.06005533906252,0.628,1
0.889,-0.254,-0.32,0.105,0.462081,0.679765400708215,0.957237,0.978384893587386,0.924573955938626,27.2521449116506,19.7965941087778,0.628,-0.863,1.962,0.575666666666667,1.99721033333333,1.41322692209473,4.988597,2.23351673376315,1.06731110740964,1
0.884,-0.256,-0.32,0.102666666666667,0.458885333333333,0.677410756729869,0.949392,0.9743674871423,0.920321682891368,27.8712889318682,19.8997975591438,-0.623,-0.863,-0.259,-0.581666666666667,0.0924853333333333,0.304114013707579,1.199979,1.09543552982364,1.06437681297556,1
0.865,-0.256,-0.347,0.0873333333333333,0.455644333333333,0.675014320835739,0.93417,0.966524702219245,0.902087024626782,30.1172947473221,21.8584883472393,-0.714,-0.201,-0.754,-0.556333333333333,0.0950963333333333,0.308376933854225,1.118713,1.0576922993007,0.741752654191409,1
0.865,-0.256,-0.347,0.0873333333333333,0.455644333333333,0.675014320835739,0.93417,0.966524702219245,0.902087024626782,30.1172947473221,21.8584883472393,-1.05,0.079,-0.754,-0.575,0.342691,0.585398155104712,1.677257,1.29508957219182,1.05296771080599,1
0.872,-0.256,-0.344,0.0906666666666667,0.459797333333333,0.67808357400348,0.944256,0.97172835710398,0.908801408449613,29.3081092355255,21.5290068818391,-1.05,0.17,-0.274,-0.384666666666667,0.381285333333333,0.617483063195529,1.206476,1.09839701383425,1.06367288204598,1
0.872,-0.259,-0.342,0.0903333333333333,0.459974333333333,0.678214076330869,0.944429,0.971817369673953,0.909651031989741,29.3081092355255,21.4152027060646,-1.02,0.415,0.436,-0.0563333333333333,0.696600333333333,0.83462586428491,1.402721,1.18436523083042,1.10119253539061,1
0.872,-0.259,-0.342,0.0903333333333333,0.459974333333333,0.678214076330869,0.944429,0.971817369673953,0.909651031989741,29.3081092355255,21.4152027060646,0.598,0.415,0.894,0.635666666666667,0.0584243333333333,0.241711260253496,1.329065,1.15285081428605,0.727893536171328,1
0.871,-0.26,-0.343,0.0893333333333333,0.459974333333333,0.678214076330869,0.94389,0.97154001461597,0.908977997533494,29.4249453057367,21.4945316339406,0.598,0.415,0.894,0.635666666666667,0.0584243333333333,0.241711260253496,1.329065,1.15285081428605,0.727893536171328,1
0.87,-0.26,-0.349,0.087,0.461797,0.679556473002796,0.946301,0.972780036801743,0.908019823572151,29.5413605001428,21.858160437992,0.598,0.415,0.771,0.594666666666667,0.0316923333333333,0.178023406700729,1.12427,1.06031599063675,0.727893536171328,1
0.871,-0.26,-0.352,0.0863333333333333,0.463892333333333,0.681096419997443,0.950145,0.974753815073324,0.908977997533494,29.4249453057367,22.0052678930057,0.079,0.292,0.771,0.380666666666667,0.125612333333333,0.354418302762898,0.685946,0.828218570185431,0.302497933877242,1
0.871,-0.26,-0.36,0.0836666666666667,0.467420333333333,0.683681456040262,0.955841,0.977671212627231,0.908977997533494,29.4249453057367,22.4561898886195,-0.013,0.292,-0.257,0.00733333333333332,0.0756603333333333,0.275064234922197,0.151482,0.389206885858922,0.292289240308295,1
0.907,-0.268,-0.368,0.0903333333333333,0.502708333333333,0.709019275713526,1.029897,1.01483841078272,0.945765827253237,24.9059889186598,22.0840272411635,-2.759,-13.868,-9.971,-8.866,31.768239,5.63633205196429,299.354346,17.301859611036,14.1397844750194,1
0.907,-0.309,-0.394,0.068,0.529747,0.72783720707312,1.073366,1.03603378323296,0.958191003923539,24.9059889186598,23.4800839123052,-3.217,-13.868,-9.971,-9.01866666666667,29.0411543333333,5.38898453637912,302.091354,17.3807754142328,14.2362394261968,1
0.855,-0.309,-0.399,0.049,0.489252,0.69946551022906,0.985707,0.992827779627464,0.909123753952123,31.2402652161817,25.0168934781,-8.161,-13.868,-9.513,-10.514,8.893963,2.98227480289795,349.420514,18.6927931032256,16.09109520822,1
0.855,-0.306,-0.399,0.05,0.488181,0.698699506225674,0.983862,0.991898180258438,0.908108473696838,31.2402652161817,25.0168934781,-9.992,-8.924,-9.513,-9.47633333333333,0.286164333333334,0.534943299176029,269.975009,16.4309162556444,13.3969339775935,1
0.846,-0.28,-0.364,0.0673333333333333,0.456505333333333,0.675651784082106,0.926612,0.962606877182996,0.891131864540821,32.2207635824143,23.2802781964139,-11.06,-5.75,-8.658,-8.48933333333333,7.07036133333333,2.65901510588664,230.347064,15.1771889360316,12.465396102812,1
0.846,0.321,-0.123,0.348,0.235287,0.485063913314524,0.833886,0.913173587003041,0.904851921587173,32.2207635824143,8.27227521251295,-13.532,-5.75,-8.658,-9.31333333333333,15.4619773333333,3.93217208846883,291.138488,17.0627807815725,14.7029767054158,1
0.846,0.321,-0.123,0.348,0.235287,0.485063913314524,0.833886,0.913173587003041,0.904851921587173,32.2207635824143,8.27227521251295,-15.76,-5.75,-8.658,-10.056,26.515828,5.14935219226652,356.401064,18.8785874471582,16.7761765608258,1
0.866,0.228,-0.156,0.312666666666667,0.266497333333333,0.516233797163004,0.826276,0.908997249720812,0.895511027291122,30.002910931188,10.2116637422,-15.76,-4.377,0.297,-6.61333333333333,68.2077023333333,8.25879545292976,267.623938,16.3592156902463,16.3565194647272,1
0.866,0.228,-0.156,0.312666666666667,0.266497333333333,0.516233797163004,0.826276,0.908997249720812,0.895511027291122,30.002910931188,10.2116637422,-9.87,1.406,0.297,-2.72233333333333,38.6243243333333,6.21484708849167,99.481945,9.97406361519717,9.96964071569282,1
0.851,0.342,0.175,0.456,0.123991,0.352123557860022,0.87179,0.933696952977785,0.917150478384,31.6793979667938,-11.6203354661844,-9.87,1.406,0.297,-2.72233333333333,38.6243243333333,6.21484708849167,99.481945,9.97406361519717,9.96964071569282,1
0.851,0.524,0.328,0.567666666666667,0.0698123333333333,0.26422023641904,1.106361,1.05183696455297,0.999388312919458,31.6793979667938,-21.0781047378784,-23.084,-14.631,-18.424,-18.713,17.925943,4.23390399040885,1086.380993,32.9602941886143,27.3301521583763,1
0.851,0.684,0.599,0.711333333333333,0.0164363333333333,0.128204264099652,1.550858,1.24533449321859,1.09181362878469,31.6793979667938,-35.1408635009757,-30.042,-20.856,-18.424,-23.1073333333333,37.5458573333333,6.12746744857395,1676.938276,40.950436823067,36.5717719012902,1
0.747,0.684,0.599,0.676666666666667,0.00551633333333334,0.074272022547749,1.384666,1.17671831803537,1.01284993952708,41.6688273989081,-38.725225034765,-30.042,-25.19,0.344,-18.296,266.472676,16.3239908110731,1537.1762,39.2068386891879,39.2053295356639,1
0.524,0.571,0.196,0.430333333333333,0.0417363333333333,0.204294721746141,0.639033,0.799395396534156,0.774994838692491,58.3990518879832,-20.5080989717684,-30.042,-27.906,19.235,-12.9043333333333,775.843184333333,27.8539617349729,2051.251825,45.2907476754359,41.0032510906148,1
0.333,0.274,-0.338,0.0896666666666667,0.138044333333333,0.371543178289325,0.300209,0.547913314311671,0.431236593994526,70.5490352171332,45.4269353135871,-12.342,-80.121,19.235,-24.4093333333333,2577.11908433333,50.7653334898268,6941.68483,83.3167740013978,81.0660200392248,1
0.333,-0.058,-0.338,-0.021,0.113587,0.337026705173344,0.228497,0.47801359813294,0.33801331334727,70.5490352171332,45.4269353135871,17.23,-98.646,-19.98,-33.7986666666667,3500.02850533333,59.1610387445431,10427.106616,102.113204905144,100.139433870978,1
0.702,-0.058,-0.319,0.108333333333333,0.281360333333333,0.53043409895418,0.597929,0.773258688926287,0.704391936353618,45.4123146639779,24.4378051851291,17.23,-98.646,-19.98,-33.7986666666667,3500.02850533333,59.1610387445431,10427.106616,102.113204905144,100.139433870978,1
1.357,-0.058,-0.319,0.326666666666667,0.813220333333333,0.901787299385688,1.946574,1.39519676031734,1.35823893332506,0,13.2287524519078,-13.471,-91.199,-36.307,-46.9923333333333,1596.04275733333,39.9505038432976,9816.923691,99.0803900426315,92.1885320525281,1
2.254,-0.047,-0.52,0.562333333333333,2.20223433333333,1.4839926998922,5.353125,2.31368213028497,2.25448996449308,0,12.9909037610415,-71.454,4.168,-39.939,-35.7416666666667,1442.88492633333,37.9853251444993,6718.170061,81.9644438826983,71.5754590624468,1
2.254,-0.045,-0.669,0.513333333333333,2.36978433333333,1.53941038496346,5.530102,2.351616890567,2.25444915666777,0,16.531187677407,-116.529,71.673,-64.78,-36.5453333333333,9452.89550233333,97.2260021924862,22912.47517,151.368673013936,136.806530436233,1
1.342,0.562,-0.677,0.409,1.036647,1.0181586320412,2.575137,1.60472334064162,1.45492542764226,0,26.7696172088139,-116.529,205.767,-65.147,8.03033333333333,29984.8694893333,173.16139722621,60163.197739,245.281874053098,236.472125482053,1
0.799,0.562,-0.669,0.230666666666667,0.621092333333333,0.788094114515096,1.401806,1.18397888494686,0.976854646301076,36.9652847875256,39.9393243584206,-116.529,205.767,-65.147,8.03033333333333,29984.8694893333,173.16139722621,60163.197739,245.281874053098,236.472125482053,1
0.799,0.562,-0.669,0.230666666666667,0.621092333333333,0.788094114515096,1.401806,1.18397888494686,0.976854646301076,36.9652847875256,39.9393243584206,-96.631,10.546,-65.147,-50.4106666666667,3034.59697233333,55.0871761150754,13692.899886,117.016664992641,97.2047749701629,1
0.55,0.223,0.03,0.267666666666667,0.0690963333333333,0.262861814140687,0.353129,0.594246581816,0.593488837300248,56.6329870307682,-3.12213046211571,-52.015,-40.815,-11.1,-34.6433333333333,447.076408333333,21.1441814297299,4494.63445,67.0420349482323,66.1167486345177,1
0.198,-0.137,0.123,0.0613333333333333,0.0309083333333333,0.175807660053063,0.073102,0.270373815300225,0.240775829351702,78.579971213134,-31.8490513190553,68.469,-40.815,-11.1,5.518,3192.866607,56.5054564356399,6477.078186,80.4802968806652,79.7111547150084,1
0.198,-0.137,0.123,0.0613333333333333,0.0309083333333333,0.175807660053063,0.073102,0.270373815300225,0.240775829351702,78.579971213134,-31.8490513190553,68.469,-11.199,0.227,19.1656666666667,1855.75237733333,43.078444462786,4813.473091,69.3791978261496,69.3788264674461,1
0.758,0.095,0.123,0.325333333333333,0.140596333333333,0.374961775829662,0.598718,0.773768699289394,0.76392997061249,40.7118018625287,-9.21699816873207,12.317,-4.927,0.227,2.539,78.347892,8.85143446001833,176.035347,13.2678312847277,13.2658892653301,1
0.92,0.27,-0.016,0.391333333333333,0.230065333333333,0.479651262203419,0.919556,0.958934825731134,0.958801335001156,23.073918065631,0.996347896504926,-13.135,4.815,0.227,-2.69766666666667,86.9658813333333,9.32554992122895,195.763979,13.9915681394188,13.98972658775,1
0.92,0.27,-0.016,0.391333333333333,0.230065333333333,0.479651262203419,0.919556,0.958934825731134,0.958801335001156,23.073918065631,0.996347896504926,-25.159,12.408,15.695,0.981333333333334,515.188862333333,22.6977721887707,1033.26677,32.1444671755498,28.0523393855129,1
0.923,0.446,-0.016,0.451,0.220449,0.469519967626511,1.051101,1.02523216882811,1.02510731145573,22.6313213551412,0.993110145610546,-25.159,12.408,15.695,0.981333333333334,515.188862333333,22.6977721887707,1033.26677,32.1444671755498,28.0523393855129,1
0.923,0.533,-0.003,0.484333333333333,0.216145333333333,0.46491432902561,1.136027,1.06584567363198,1.06584145162402,22.6313213551412,0.186226146539042,-5.902,2.093,5.38,0.523666666666667,33.6679863333333,5.80241211336573,68.158653,8.25582539786302,6.26212847201333,1
0.874,0.533,-0.003,0.468,0.195451,0.442098405335283,1.047974,1.02370601248601,1.0237016166833,29.0731540101618,0.196666663025369,13.537,-12.708,0.405,0.411333333333334,172.200036333333,13.12250114625,344.907658,18.5716896915709,18.567273170824,1
0.874,0.341,-0.003,0.404,0.195259,0.441881205755574,0.880166,0.938171626089811,0.938166829513813,29.0731540101618,0.196666663025369,18.39,-12.708,0.405,2.029,243.749433,15.6124768374528,499.849389,22.3573117570069,22.353643193001,1
1.021,0.202,0.004,0.409,0.290709,0.539174368827006,1.083261,1.04079825134365,1.04079056490727,0,-0.224468115100085,18.39,2.551,0.405,7.11533333333333,96.4899103333333,9.82292778825811,344.863726,18.5705068859199,18.566090083806,1
1.021,0.202,0.032,0.418333333333333,0.279630333333333,0.528800844679104,1.084269,1.04128238244964,1.04079056490727,0,-1.79516645884713,1.147,2.551,5.349,3.01566666666667,4.57613733333333,2.13919081274517,36.435011,6.0361420626092,2.79700017876295,1
0.927,0.28,0.032,0.413,0.213523,0.462085489925836,0.938753,0.968892666914143,0.968364084422796,22.028103351376,-1.97706277846461,-14.508,-4.316,5.349,-4.49166666666667,98.5982563333334,9.92966546935663,257.721721,16.0537136202188,15.1363773737311,1
0.927,0.284,0.03,0.413666666666667,0.213762333333333,0.462344388236013,0.940885,0.969992268010421,0.969528235793058,22.028103351376,-1.85358542287283,-14.508,-4.316,5.349,-4.49166666666667,98.5982563333334,9.92966546935663,257.721721,16.0537136202188,15.1363773737311,1
0.949,0.302,0.03,0.427,0.222859,0.472079442467049,0.992705,0.996345823497043,0.995894070672178,18.377480657165,-1.81064399686157,-11.121,-3.736,4.83,-3.34233333333333,63.7248303333333,7.98278337006168,160.963237,12.6871287925992,11.7317661500731,1
0.949,0.313,0.031,0.431,0.221124,0.470238237492444,0.999531,0.999765472498426,0.999284744204574,18.377480657165,-1.87095659251769,-10.297,-3.736,4.83,-3.06766666666667,57.5415343333333,7.58561364250338,143.314805,11.9714161651828,10.9538077854233,1
0.937,0.313,0.031,0.427,0.214956,0.463633475926836,0.976899,0.988382011167747,0.987895743487135,20.4463011157792,-1.89490025829329,-9.992,-3.736,4.83,-2.966,55.367596,7.4409405319489,137.12666,11.7101093077733,10.6676032922114,1
0.937,0.246,0.028,0.403666666666667,0.225214333333333,0.474567522417341,0.939269,0.969158913697852,0.968754354828922,20.4463011157792,-1.71163773410711,-2.942,-1.966,0.253,-1.55166666666667,2.68076033333333,1.63730276165813,12.584529,3.5474679702571,3.53843468217233,1
0.954,0.246,0.019,0.406333333333333,0.237836333333333,0.487684665878817,0.970993,0.985389770598417,0.985206577322746,17.445987705778,-1.14096007370989,-2.942,2.368,0.247,-0.109,7.144077,2.67284062375593,14.323797,3.78467924664693,3.7766106497758,1
0.954,0.267,0.019,0.413333333333333,0.234616333333333,0.484372102141869,0.981766,0.990841056880467,0.990658871660674,17.445987705778,-1.14096007370989,-2.942,2.368,0.247,-0.109,7.144077,2.67284062375593,14.323797,3.78467924664693,3.7766106497758,1
0.954,0.267,0.017,0.412666666666667,0.235406333333333,0.485186905566642,0.981694,0.990804723444534,0.990658871660674,17.445987705778,-1.02088592566803,-0.257,2.368,0.267,0.792666666666667,1.92990033333333,1.38920852766362,5.744762,2.39682331430583,2.38190532977278,1
0.957,0.259,0.017,0.411,0.238228,0.488086057985679,0.983219,0.991574001272724,0.991428262659483,16.8632195997888,-1.01768633042137,-0.257,-1.233,3.182,0.564,5.378587,2.31917808716795,11.711462,3.42220133832012,1.25949910678809,1
0.957,0.258,0.011,0.408666666666667,0.240754333333333,0.490667232789529,0.982534,0.991228530662834,0.991167493413702,16.8632195997888,-0.658543177563603,-3.186,-1.578,3.182,-0.527333333333333,10.9657813333333,3.31146211413227,22.765804,4.77135242881932,3.55537339811165,1
0.952,0.254,0.017,0.407666666666667,0.236266333333333,0.486072354010525,0.971109,0.985448628798072,0.985301984165261,17.8242358246438,-1.02303018866784,-5.323,-2.118,2.938,-1.501,17.346547,4.16491860664767,41.452097,6.4383302959696,5.72889631604553,1
0.952,0.245,0.007,0.401333333333333,0.241586333333333,0.491514326681668,0.966378,0.983045268540569,0.983020345669407,17.8242358246438,-0.421284904168597,-8.222,-2.21,1.718,-2.90466666666667,25.0628213333333,5.00627819176415,75.436908,8.68544230307242,8.51383485862863,1
0.952,0.245,0.003,0.4,0.243169,0.493121688835525,0.966338,0.983024923386991,0.983020345669407,17.8242358246438,-0.180553329380439,-8.222,-2.21,0.251,-3.39366666666667,18.9987323333333,4.35875352977584,72.548385,8.51753397410307,8.51383485862863,1
0.952,0.284,0.003,0.413,0.237631,0.487474101876192,0.986969,0.993463134695999,0.993458605076226,17.8242358246438,-0.180553329380439,-3.858,1.3,-2.067,-1.54166666666667,6.85822233333333,2.61882079061041,20.846653,4.56581350911314,4.07113792446289,1
0.943,0.284,0.003,0.41,0.232807,0.482500777201447,0.969914,0.984842119326748,0.984837550055846,19.4383706628683,-0.182276520315935,-0.531,1.452,-2.189,-0.422666666666667,3.32302233333333,1.82291588761888,7.181986,2.67992276008097,1.54604818812351,1
0.943,0.276,0.019,0.412666666666667,0.227452333333333,0.476919629846931,0.965786,0.982744117255351,0.982560430711516,19.4383706628683,-1.15426567804127,1.056,1.513,-2.677,-0.036,5.283373,2.29855889635223,10.570634,3.25125114379065,1.84507587919847,1
0.945,0.253,0.019,0.405666666666667,0.231849333333333,0.481507355430146,0.957395,0.978465635574393,0.978281145683591,19.0910525128604,-1.15182344653358,1.3,2.764,-2.677,0.462333333333333,7.92738433333333,2.81556110452843,16.496025,4.06152988416927,3.05445510688895,1
0.955,0.251,0.026,0.410666666666667,0.234880333333333,0.484644543282325,0.975702,0.987776290462572,0.987434048430577,17.2538531173573,-1.55949986835532,1.3,3.649,-1.884,1.02166666666667,7.71162433333333,2.77698115465938,18.554657,4.30751169470264,3.8736547342271,1
0.955,0.251,0.026,0.410666666666667,0.234880333333333,0.484644543282325,0.975702,0.987776290462572,0.987434048430577,17.2538531173573,-1.55949986835532,0.079,3.802,-1.639,0.747333333333333,7.73612233333333,2.78138856209148,17.147766,4.14098611444182,3.80282066366533,1
0.955,0.251,0.029,0.411666666666667,0.233729333333333,0.483455616715054,0.975867,0.987859807867493,0.987434048430577,17.2538531173573,-1.73933734187261,-0.837,3.802,-1.639,0.442,8.628001,2.93734591085218,17.842094,4.22399029354945,3.89304161292941,1
0.955,0.261,0.029,0.415,0.232156,0.481825694624104,0.980987,0.990447878487303,0.990023232050642,17.2538531173573,-1.73933734187261,-2.271,2.886,-2.006,-0.463666666666667,8.43275633333333,2.90392085521168,17.510473,4.18455170836734,3.67238845984463,1
0.954,0.272,0.029,0.418333333333333,0.229966333333333,0.479548051120358,0.984941,0.992441937848255,0.992018144995342,17.445987705778,-1.74115942495454,-3.522,2.886,-2.006,-0.880666666666667,11.2153973333333,3.34893973271143,24.757516,4.97569251461543,4.55340312294003,1
0.954,0.272,0.028,0.418,0.230356,0.479954164478234,0.984884,0.992413220387556,0.992018144995342,17.445987705778,-1.68115451384007,-3.522,2.886,0,-0.212,10.299324,3.20925598854314,20.73348,4.55340312294003,4.55340312294003,1
