0.907,-0.228,-0.272,0.135666666666667,0.446700333333333,0.668356441828261,0.948617,0.973969712054744,0.935218156367807,24.9059889186598,16.693448585671,-0.806,-0.684,0.588,-0.300666666666667,0.596017333333333,0.772021588644601,1.463236,1.20964292251887,1.05711494171637,1
0.907,-0.23,-0.272,0.135,0.447429,0.668901338016303,0.949533,0.974439839087052,0.935707753521365,24.9059889186598,16.693448585671,-0.806,-0.684,0.588,-0.300666666666667,0.596017333333333,0.772021588644601,1.463236,1.20964292251887,1.05711494171637,1
0.907,-0.23,-0.272,0.135,0.447429,0.668901338016303,0.949533,0.974439839087052,0.935707753521365,24.9059889186598,16.693448585671,-0.775,-0.684,0.771,-0.229333333333333,0.752570333333333,0.867508117157029,1.662922,1.28954333002036,1.03367354614501,1
0.91,-0.23,-0.277,0.134333333333333,0.451796333333333,0.672157967544337,0.957729,0.978636296077353,0.938616002420585,24.4946484714197,16.9300184548277,-0.775,-0.806,0.985,-0.198666666666667,1.05104033333333,1.02520258160684,2.220486,1.49012952457161,1.11815070540603,1
0.91,-0.23,-0.277,0.134333333333333,0.451796333333333,0.672157967544337,0.957729,0.978636296077353,0.938616002420585,24.4946484714197,16.9300184548277,-0.959,-0.806,0.985,-0.26,1.168371,1.08091211483635,2.539542,1.59359405119372,1.25272383229505,1
0.907,-0.23,-0.277,0.133333333333333,0.449472333333333,0.670426978375224,0.952278,0.975847324124015,0.935707753521365,24.9059889186598,16.9827984482737,-1.233,-0.806,0.649,-0.463333333333333,0.973546333333333,0.986684515604321,2.591126,1.60969748710744,1.47306652938691,1
0.907,-0.227,-0.277,0.134333333333333,0.448385333333333,0.669615810247438,0.950907,0.975144604661278,0.934974865972343,24.9059889186598,16.9827984482737,-1.233,-0.776,0.649,-0.453333333333333,0.963566333333333,0.981614146868989,2.543666,1.59488745684453,1.45686821641492,1
0.907,-0.227,-0.277,0.134333333333333,0.448385333333333,0.669615810247438,0.950907,0.975144604661278,0.934974865972343,24.9059889186598,16.9827984482737,-1.142,-0.654,0.588,-0.402666666666667,0.795601333333333,0.891964872253013,2.077624,1.44139654502153,1.31600911850944,1
0.912,-0.226,-0.277,0.136333333333333,0.451894333333333,0.672230863121691,0.959549,0.979565720102536,0.939585014780462,24.2167834132925,16.8950083705506,-1.111,-0.318,0.588,-0.280333333333333,0.722714333333333,0.850126069082306,1.681189,1.29660672526406,1.15561455511775,1
0.912,-0.227,-0.277,0.136,0.452257,0.672500557620587,0.960002,0.979796917733466,0.939826047734367,24.2167834132925,16.8950083705506,-1.111,-0.318,0.588,-0.280333333333333,0.722714333333333,0.850126069082306,1.681189,1.29660672526406,1.15561455511775,1
0.904,-0.23,-0.283,0.130333333333333,0.449622333333333,0.670538838049917,0.950205,0.974784591589342,0.932800085763289,25.311065155487,17.3828908241398,-1.111,-0.623,0.436,-0.432666666666667,0.625472333333333,0.79086808845302,1.812546,1.34630828564634,1.27375429341769,1
0.904,-0.23,-0.283,0.130333333333333,0.449622333333333,0.670538838049917,0.950205,0.974784591589342,0.932800085763289,25.311065155487,17.3828908241398,-0.623,-0.715,0.436,-0.300666666666667,0.409124333333333,0.639628277465383,1.08945,1.04376721542689,0.948342765038043,1
0.903,-0.235,-0.283,0.128333333333333,0.450657333333333,0.671310161798057,0.950723,0.975050255115089,0.933077703088012,25.4447505453978,17.400979497695,-0.348,-1.264,0.558,-0.351333333333333,0.829929333333333,0.911004573717022,2.030164,1.42483823643247,1.31103012932579,1
0.903,-0.235,-0.28,0.129333333333333,0.449426333333333,0.670392671002103,0.949034,0.974183760899349,0.933077703088012,25.4447505453978,17.227488226451,-0.348,-1.264,0.833,-0.259666666666667,1.10520433333333,1.05128698904406,2.412689,1.55328329676206,1.31103012932579,1
0.903,-0.235,-0.279,0.129666666666667,0.449017333333333,0.670087556468058,0.948475,0.973896811782439,0.933077703088012,25.4447505453978,17.1695851575111,-0.684,-0.715,1.321,-0.026,1.361047,1.16663919015264,2.724122,1.65049144196509,0.989485219697596,1
0.902,-0.235,-0.277,0.13,0.447429,0.668901338016303,0.945558,0.972398066637321,0.932109972052654,25.5777835422144,17.0714783521893,-0.959,-0.715,1.718,0.0146666666666667,2.19089233333333,1.4801663194835,4.38243,2.09342542260287,1.19620483195814,1
0.899,-0.237,-0.274,0.129333333333333,0.444632333333333,0.66680756844335,0.939446,0.96925022568994,0.92971501009718,25.9730685579241,16.9503350153905,-0.959,-0.379,1.718,0.126666666666667,1.98335633333333,1.40831684408493,4.014846,2.003708062568,1.031175057883,1
0.899,-0.237,-0.272,0.13,0.443827,0.666203422386886,0.938354,0.968686739870016,0.92971501009718,25.9730685579241,16.8336313961626,-0.959,-0.226,0.863,-0.107333333333333,0.840482333333333,0.916778235634624,1.715526,1.3097808977077,0.985270013752575,1
0.908,-0.237,-0.271,0.133333333333333,0.450370333333333,0.671096366651864,0.954074,0.976767116563616,0.938420481447416,24.7695868265909,16.6181626229837,-0.501,-0.379,0.863,-0.00566666666666667,0.569657333333333,0.754756472866138,1.139411,1.06743196504508,0.628205380429044,1
0.908,-0.235,-0.271,0.134,0.449631,0.670545300483122,0.95313,0.976283770222572,0.937917373759544,24.7695868265909,16.6181626229837,-0.501,-0.379,0.863,-0.00566666666666667,0.569657333333333,0.754756472866138,1.139411,1.06743196504508,0.628205380429044,1
0.908,-0.235,-0.271,0.134,0.449631,0.670545300483122,0.95313,0.976283770222572,0.937917373759544,24.7695868265909,16.6181626229837,-0.501,-0.531,0.741,-0.097,0.526908,0.725884288299451,1.082043,1.04021295896561,0.730042464518332,1
0.904,-0.235,-0.282,0.129,0.451021,0.671580970546367,0.951965,0.975686937495834,0.934045502103618,25.311065155487,17.3251493560989,-0.653,-0.895,0.588,-0.32,0.632989,0.795606058297698,1.573178,1.25426392756868,1.10789620452459,1
0.898,-0.238,-0.282,0.126,0.447472,0.668933479503007,0.942572,0.970861473125801,0.929003767484287,26.103591118376,17.4339147574678,-0.653,-0.895,0.436,-0.370666666666667,0.502674333333333,0.70899529852696,1.41753,1.19060068872817,1.10789620452459,1
0.898,-0.238,-0.282,0.126,0.447472,0.668933479503007,0.942572,0.970861473125801,0.929003767484287,26.103591118376,17.4339147574678,-0.653,-0.776,0.436,-0.331,0.444999,0.667082453674207,1.218681,1.10393885700251,1.01419179645667,1
0.904,-0.238,-0.281,0.128333333333333,0.451706333333333,0.672091015661818,0.952821,0.976125504225763,0.934804792456693,25.311065155487,17.2673715604598,-0.348,-0.745,0.1,-0.331,0.178723,0.422756431056939,0.686129,0.828329040901018,0.822270636712755,1
0.906,-0.235,-0.277,0.131333333333333,0.450522333333333,0.671209604619402,0.95279,0.976109624990964,0.935981303232068,25.0416951929952,17.0004628252233,-0.348,-0.226,-0.022,-0.198666666666667,0.0271293333333333,0.164709845890685,0.172664,0.415528579041201,0.414945779590539,1
0.909,-0.231,-0.274,0.134666666666667,0.450156333333333,0.670936907118198,0.954718,0.977096719879869,0.937892317912883,24.6324773174015,16.7743899872816,-0.44,0.292,-0.022,-0.0566666666666667,0.134857333333333,0.367229265355218,0.279348,0.528533821055947,0.528075752141679,1
0.951,-0.165,-0.205,0.193666666666667,0.430565333333333,0.656174773466135,0.973651,0.986737553759864,0.965207749658072,18.010475910494,12.1646851241151,-4.132,1.4,-0.233,-0.988333333333333,8.07865233333333,2.84229701708554,19.087713,4.36894872938559,4.36273125461562,1
0.951,-0.165,-0.162,0.208,0.414039,0.64345862337838,0.95787,0.978708332446393,0.965207749658072,18.010475910494,9.66736757836903,-4.132,1.4,-0.233,-0.988333333333333,8.07865233333333,2.84229701708554,19.087713,4.36894872938559,4.36273125461562,1
0.884,-0.165,0.124,0.281,0.293587,0.541836691264075,0.824057,0.907775853391133,0.89926692366616,27.8712889318682,-7.98486621525658,-4.132,1.4,-0.233,-0.988333333333333,8.07865233333333,2.84229701708554,19.087713,4.36894872938559,4.36273125461562,1
0.884,-0.059,0.183,0.336,0.239869,0.489764228991869,0.818426,0.90466900024263,0.885966703663292,27.8712889318682,-11.6957987160174,13.018,-2.851,23.477,11.2146666666667,175.729904333333,13.2563156394729,728.766054,26.9956673190347,13.3265346208232,1
0.884,0.18,0.289,0.451,0.143587,0.378928753197748,0.897377,0.947299846933377,0.902139678763771,27.8712889318682,-18.1037630345066,13.018,-2.851,23.477,11.2146666666667,175.729904333333,13.2563156394729,728.766054,26.9956673190347,13.3265346208232,1
0.884,0.18,0.289,0.451,0.143587,0.378928753197748,0.897377,0.947299846933377,0.902139678763771,27.8712889318682,-18.1037630345066,-41.974,0.507,0.078,-13.7963333333333,595.531684333333,24.4035178679905,1762.079809,41.977134359077,41.9770618909899,1
0.771,0.18,0.193,0.381333333333333,0.113922333333333,0.337523826319466,0.66409,0.814917173705402,0.791732909509261,39.5562269047001,-14.0537276845071,-42.92,0.507,0.078,-14.1116666666667,622.486062333333,24.9496705856677,1842.389533,42.9230652796372,42.9229944085918,1
0.768,0.055,0.193,0.338666666666667,0.143006333333333,0.378161781957581,0.630098,0.793787125116048,0.769966882404691,39.8253712607821,-14.106437343391,-42.92,0.507,0.078,-14.1116666666667,622.486062333333,24.9496705856677,1842.389533,42.9230652796372,42.9229944085918,1
0.768,0.055,0.483,0.435333333333333,0.128796333333333,0.358882060478555,0.826138,0.908921338730696,0.769966882404691,39.8253712607821,-32.1660439282956,-42.92,10.168,-50.925,-27.8923333333333,1102.46173633333,33.2033392346814,4538.870249,67.3711381008218,44.1079882107538,1
1.067,0.189,0.483,0.579666666666667,0.199729333333333,0.44691087851308,1.407499,1.18638063032064,1.08360970833599,0,-24.3548856641152,-48.352,10.168,-50.925,-29.703,1193.927563,34.5532569087199,5034.659753,70.9553363250432,49.4095550273426,1
1.067,0.301,0.456,0.608,0.164017,0.40499012333636,1.437026,1.19876019286595,1.10864331504772,0,-23.1402379237046,-53.601,1.136,0.063,-17.4673333333333,979.519232333333,31.2972719631174,2874.361666,53.6130736481318,53.6130366328937,1
1.017,0.301,0.332,0.55,0.163807,0.404730774713265,1.235114,1.11135682838591,1.06060831601492,0,-18.0792893740243,-53.601,0.777,0.141,-17.561,974.262324,31.2131754872842,2873.690811,53.6068168333096,53.6066313994827,1
0.972,0.158,0.332,0.487333333333333,0.183745333333333,0.428655261641955,1.079972,1.03921701294773,0.984757838252634,13.5904939668059,-18.8583089468334,-26.227,-31.008,0.141,-19.0313333333333,281.398264333333,16.7749296372096,1649.371474,40.6124546660258,40.612209900472,1
0.925,0.158,0.332,0.471666666666667,0.161702333333333,0.402122286541462,0.990813,0.995395901136829,0.93839703750598,22.3316450092215,-19.7440226781876,-8.557,-73.255,0.141,-27.2236666666667,1608.07653733333,40.1008296339781,5439.537155,73.7532179297961,73.7530831491132,1
0.925,0.158,0.253,0.445333333333333,0.174816333333333,0.418110431983386,0.944598,0.971904316278099,0.93839703750598,22.3316450092215,-15.2970398805145,-8.557,-73.255,0.141,-27.2236666666667,1608.07653733333,40.1008296339781,5439.537155,73.7532179297961,73.7530831491132,1
0.829,0.158,0.091,0.359333333333333,0.166562333333333,0.408120488744848,0.720486,0.848814467360212,0.843922389796597,34.0038495510334,-6.26432343814239,-4.224,-30.721,0.133,-11.604,278.840629,16.6985217609224,961.639706,31.0103161222197,31.0100309093687,1
0.822,0.15,0.091,0.354333333333333,0.164904333333333,0.406084145631584,0.706465,0.840514723249986,0.835574054168749,34.714494524349,-6.31723977243615,-4.224,-19.859,0.133,-7.98333333333333,110.519456333333,10.512823423483,412.239746,20.3036879901165,20.3032523749275,1
0.822,0.084,0.091,0.332333333333333,0.179842333333333,0.424078216056111,0.691021,0.831276728893574,0.826280823933365,34.714494524349,-6.31723977243615,-4.224,-19.859,0.133,-7.98333333333333,110.519456333333,10.512823423483,412.239746,20.3036879901165,20.3032523749275,1
1.008,0.084,0.071,0.387666666666667,0.288652333333333,0.537263746528028,1.028161,1.01398274147048,1.01149394461855,0,-4.02906029314851,-18.506,-3.431,0.222,-7.23833333333333,98.5563363333333,9.92755439840716,354.293081,18.8226746505378,18.8213654393086,1
1.008,0.261,0.071,0.446666666666667,0.245346333333333,0.495324472778535,1.089226,1.04365990629132,1.04124204678835,0,-4.02906029314851,-25.708,5.939,0.222,-6.51566666666667,284.430266333333,16.8650605197056,696.222269,26.3860241226298,26.3850902026125,1
1.019,0.261,0.071,0.450333333333333,0.251561333333333,0.501558903154289,1.111523,1.05428791134111,1.05189448140011,0,-3.98570794018718,-25.708,5.939,0.17,-6.533,284.080809,16.8546969418023,696.201885,26.3856378547118,26.3850902026125,1
1.008,0.223,0.087,0.439333333333333,0.247160333333333,0.497152223502353,1.073362,1.03603185279218,1.0323725102888,0,-4.93294662867737,-12.525,5.939,0.17,-2.13866666666667,89.2272803333333,9.44601928503925,192.176246,13.8627647314668,13.8617223316585,1
0.968,0.11,0.087,0.388333333333333,0.252142333333333,0.5021377633014,0.956693,0.978106844879433,0.974229952321319,14.533746901085,-5.13571876762681,6.427,-10.907,17.953,4.491,211.035972,14.5270772008687,482.579187,21.967685062382,12.6597384649131,1
0.968,0.098,0.076,0.380666666666667,0.258841333333333,0.50876451658241,0.952404,0.975911881267976,0.972948097279603,14.533746901085,-4.48921993927479,6.427,-17.53,17.953,2.28333333333333,327.638302333333,18.1007818155276,670.917438,25.9020740096232,18.6710264581249,1
0.962,0.072,0.052,0.362,0.2701,0.519711458407451,0.933332,0.96609109301349,0.964690623982632,15.8458075497508,-3.09405805891711,6.427,-17.53,8.096,-1.00233333333333,205.569214333333,14.3376851106911,414.152445,20.3507357360858,18.6710264581249,1
0.962,0.072,0.052,0.362,0.2701,0.519711458407451,0.933332,0.96609109301349,0.964690623982632,15.8458075497508,-3.09405805891711,-23.999,-10.969,6.265,-9.56766666666667,230.450225333333,15.1805871208374,735.521187,27.1204938561229,26.386946810876,1
0.962,0.072,0.061,0.365,0.267337,0.517046419579519,0.934349,0.966617297589899,0.964690623982632,15.8458075497508,-3.62824278719699,-23.999,-2.942,6.265,-6.892,240.679299,15.5138421740071,623.85759,24.9771413496421,24.1786551528409,1
0.986,0.089,0.068,0.381,0.274629,0.524050570078881,0.984741,0.99234117117048,0.990008585821355,9.59863838343998,-3.94518622903756,-23.114,0.537,0.771,-7.26866666666667,188.319630333333,13.7229599698219,535.139806,23.1330889852609,23.1202371311369,1
0.986,0.089,0.074,0.383,0.272763,0.522267173006307,0.985593,0.992770366197541,0.990008585821355,9.59863838343998,-4.29204253155537,-19.056,0.537,0.771,-5.916,129.508389,11.3801752622708,364.013946,19.0791495093466,19.0635648555038,1
0.986,0.016,0.074,0.358666666666667,0.296001333333333,0.544060045705741,0.977928,0.988902421879934,0.986129808899417,9.59863838343998,-4.29204253155537,-5.658,-0.379,2.786,-1.08366666666667,18.1977003333333,4.26587626793527,39.918401,6.31810105965392,5.67067941255719,1
0.986,0.003,0.075,0.354666666666667,0.300232333333333,0.54793460680389,0.97783,0.988852870754795,0.986004563883961,9.59863838343998,-4.34982197473326,-5.658,-3.522,3.274,-1.96866666666667,21.7547893333333,4.66420296871109,55.136524,7.42539722843162,6.66464162577404,1
0.985,-0.022,0.075,0.346,0.308593,0.555511476029074,0.976334,0.988096149167681,0.985245654646596,9.93636707214072,-4.35422106306961,-6.208,-3.827,3.274,-2.25366666666667,24.3336143333333,4.93291134456452,63.904269,7.99401457341679,7.29281790530931,1
0.984,-0.022,0.064,0.342,0.310972,0.55764863489477,0.972836,0.986324490216075,0.984245904233287,10.2630958986226,-3.72131326474976,-6.208,-3.827,2.48,-2.51833333333333,20.1547923333333,4.4894089068978,59.335593,7.70296001547457,7.29281790530931,1
0.982,-0.007,0.05,0.341666666666667,0.308332333333333,0.555276807847522,0.966873,0.983297004978658,0.982024948766578,10.887482877261,-2.91478327303613,-4.316,-3.37,2.48,-1.73533333333333,13.5505053333333,3.68110110338379,36.135156,6.0112524485335,5.4758338177852,1
0.982,-0.003,0.05,0.343,0.306943,0.55402436769514,0.966833,0.983276665033804,0.982004582474033,10.887482877261,-2.91478327303613,-3.431,-1.539,2.908,-0.687333333333333,10.5897323333333,3.25418689280953,22.596746,4.75360347525958,3.76035663202308,1
0.982,-0.003,0.062,0.347,0.303475,0.550885650566431,0.968177,0.983959856904742,0.982004582474033,10.887482877261,-3.61265729362128,-2.698,-0.318,2.908,-0.036,7.916452,2.81361902182936,15.836792,3.97954670785505,2.71667591000472,1
0.988,0.003,0.062,0.351,0.305197,0.552446377488349,0.979997,0.98994797843119,0.988004554645372,8.88512427022808,-3.59077565497209,-1.233,-0.318,2.694,0.381,4.221783,2.05469778799706,8.879049,2.97977331352571,1.27334716397375,1
0.988,0.003,0.061,0.350666666666667,0.305486333333333,0.552708180990053,0.979874,0.989885852005169,0.988004554645372,8.88512427022808,-3.53300781232142,-0.409,-3.064,2.419,-0.351333333333333,7.51831633333333,2.74195483794561,15.406938,3.92516725758279,3.09117728381922,1
0.988,0.003,0.046,0.345666666666667,0.309906333333333,0.5566923147784,0.978269,0.989074820223425,0.988004554645372,8.88512427022808,-2.66569222508025,-0.409,-3.37,1.504,-0.758333333333333,6.03049433333333,2.45570648354671,13.786197,3.71297683806404,3.39472841329023,1
0.988,0,0.046,0.344666666666667,0.310937333333333,0.557617551134587,0.97826,0.989070270506601,0.988,8.88512427022808,-2.66569222508025,-0.409,-3.37,1.504,-0.758333333333333,6.03049433333333,2.45570648354671,13.786197,3.71297683806404,3.39472841329023,1
0.981,-0.009,0.046,0.339333333333333,0.309558333333333,0.556379666534762,0.964558,0.982119137375909,0.981041283535,11.18676388096,-2.68468574367655,-1.447,-3.37,1.504,-1.10433333333333,6.02703433333333,2.45500190088182,15.712725,3.9639279761368,3.66752082475342,1
0.988,-0.01,0.053,0.343666666666667,0.312366333333333,0.55889742648659,0.979053,0.989471070825216,0.988050605991414,8.88512427022808,-3.07061589414868,-2.149,-2.027,-0.017,-1.39766666666667,1.43340133333333,1.19724739854941,8.727219,2.95418669010609,2.95413777606936,1
0.988,-0.01,0.078,0.352,0.305308,0.552546830594476,0.982328,0.991124613759541,0.988050605991414,8.88512427022808,-4.51398845800126,-7.581,1.666,-0.017,-1.97733333333333,24.2589323333333,4.92533575843651,60.247406,7.76192025210257,7.76190163555298,1
0.988,0.01,0.078,0.358666666666667,0.298201333333333,0.546078138486914,0.982328,0.991124613759541,0.988050605991414,8.88512427022808,-4.51398845800126,-7.581,1.666,-0.017,-1.97733333333333,24.2589323333333,4.92533575843651,60.247406,7.76192025210257,7.76190163555298,1
0.988,0.02,0.07,0.359333333333333,0.297041333333333,0.545014984503484,0.981444,0.990678555334676,0.988202408416413,8.88512427022808,-4.0526455394693,-3.919,0.781,-0.053,-1.06366666666667,6.28858533333333,2.50770519266786,15.971331,3.99641476826418,3.99606331281175,1
0.988,0.02,0.047,0.351666666666667,0.303872333333333,0.551246164007817,0.978753,0.989319463065394,0.988202408416413,8.88512427022808,-2.72355572680028,-2.942,-2.149,0.016,-1.69166666666667,2.34430633333333,1.53111277616423,13.273821,3.64332554131524,3.64329040840831,1
0.988,0.007,0.047,0.347333333333333,0.308240333333333,0.555193960101633,0.978402,0.989142052487912,0.988024797259664,8.88512427022808,-2.72355572680028,1.269,-2.149,-0.053,-0.311,2.970604,1.72354402322656,6.231371,2.49627141953755,2.49570871697801,1
0.985,0.002,0.047,0.344666666666667,0.308026333333333,0.555001201199901,0.972438,0.986122710416914,0.98500203045476,9.93636707214072,-2.73183827340996,1.269,-0.165,-0.053,0.350333333333333,0.636097333333334,0.797557103493746,1.640395,1.28077905979134,1.27968199174639,1
0.985,0.002,0.047,0.344666666666667,0.308026333333333,0.555001201199901,0.972438,0.986122710416914,0.98500203045476,9.93636707214072,-2.73183827340996,1.147,-0.165,-0.236,0.248666666666667,0.606512333333333,0.778789017214119,1.39853,1.18259460509509,1.15880714530072,1
0.985,-0.003,0.049,0.343666666666667,0.309157333333333,0.556019184321309,0.972635,0.986222591507617,0.985004568517324,9.93636707214072,-2.8478992313047,-0.562,-0.165,-0.236,-0.321,0.044821,0.211709706910193,0.398765,0.631478424017797,0.585720923307338,1
0.984,-0.003,0.047,0.342666666666667,0.309106333333333,0.555973320702831,0.970474,0.985126387830516,0.984004573160105,10.2630958986226,-2.73461031973974,-1.599,-0.135,-0.114,-0.616,0.724827,0.851367723137306,2.588022,1.60873304186866,1.60468875486806,1
0.984,-0.003,0.047,0.342666666666667,0.309106333333333,0.555973320702831,0.970474,0.985126387830516,0.984004573160105,10.2630958986226,-2.73461031973974,-2.668,-0.165,0.497,-0.778666666666667,2.78674633333333,1.66935506508751,7.392458,2.71890750118499,2.67309726721644,1
0.984,-0.006,0.047,0.341666666666667,0.310146333333333,0.556907831991375,0.970501,0.985140091560586,0.984018292512898,10.2630958986226,-2.73461031973974,-3.888,-0.135,0.771,-1.084,6.102021,2.47022691265398,15.72921,3.96600680786103,3.8903430440001,1
0.983,-0.006,0.047,0.341333333333333,0.309504333333333,0.55633113640469,0.968534,0.984141250024609,0.983018311121415,10.5798440961225,-2.7373879931908,-4.132,-0.104,0.771,-1.155,6.838303,2.61501491391541,17.678681,4.20460235932008,4.13330860207655,1
0.983,-0.006,0.054,0.343666666666667,0.307460333333333,0.554491057938118,0.969241,0.984500380903939,0.983018311121415,10.5798440961225,-3.14431887950236,-4.987,0.537,0.771,-1.22633333333333,10.6206493333333,3.25893377246813,25.752979,5.07473930364901,5.01582874508291,1
0.986,-0.002,0.054,0.346,0.307984,0.554963061833848,0.975116,0.987479620042864,0.986002028395479,9.59863838343998,-3.13477109571995,-5.567,2.49,-0.541,-1.206,16.560481,4.06945708909678,37.48427,6.12243987312248,6.09849071492283,1
0.991,0.008,0.059,0.352666666666667,0.306252333333333,0.553400698710558,0.985626,0.992786986216076,0.99103229008948,7.69281245155988,-3.40712961165461,-6.452,2.856,-0.541,-1.379,22.186399,4.710244048879,50.077721,7.07656138247949,7.05585147235966,1
0.991,0.008,0.059,0.352666666666667,0.306252333333333,0.553400698710558,0.985626,0.992786986216076,0.99103229008948,7.69281245155988,-3.40712961165461,-6.452,2.856,-0.48,-1.35866666666667,22.2387573333333,4.71579869516642,50.01544,7.07215950046377,7.05585147235966,1
0.991,0.007,0.061,0.353,0.306012,0.553183513854128,0.985851,0.992900297109433,0.991024722194154,7.69281245155988,-3.52233949918687,-6.238,1.544,-0.48,-1.72466666666667,16.3017773333333,4.03754595433084,41.52698,6.44414307724464,6.42624151429123,1
0.981,0.006,0.061,0.349333333333333,0.300008333333333,0.547730164710082,0.966118,0.982913017514775,0.98101834845226,11.18676388096,-3.5581533197235,-6.238,0.903,-1.09,-2.14166666666667,13.5779723333333,3.68483002773986,40.916153,6.39657353588623,6.30301935583257,1
0.979,0.006,0.061,0.348666666666667,0.298746333333333,0.546576923528,0.962198,0.98091691799051,0.979018385935627,11.7627870854941,-3.56540354279043,-5.506,0.903,-1.212,-1.93833333333333,10.6644903333333,3.26565312507825,32.600389,5.70967503453568,5.57955598591859,1
0.979,0.008,0.065,0.350666666666667,0.296914333333333,0.544898461489233,0.96273,0.981188055369612,0.979032685869067,11.7627870854941,-3.79853699615923,-5.841,3.039,-1.548,-1.45,19.720803,4.44081107456735,45.749106,6.76380854252987,6.58428447137576,1
0.979,0.008,0.065,0.350666666666667,0.296914333333333,0.544898461489233,0.96273,0.981188055369612,0.979032685869067,11.7627870854941,-3.79853699615923,-5.506,3.039,-1.548,-1.33833333333333,18.2872263333333,4.27635666582353,41.947861,6.47671683802835,6.28900286213959,1
0.974,-0.069,-0.103,0.267333333333333,0.374822333333333,0.612227354283793,0.964046,0.981858441935496,0.976440986440041,13.0939233205705,6.03656378006047,-0.501,-0.196,0.741,0.0146666666666666,0.418926333333333,0.647245187956877,0.838498,0.915695364190515,0.537974906477988,1
0.974,-0.069,-0.106,0.266333333333333,0.375936333333333,0.61313647202995,0.964673,0.982177682499455,0.976440986440041,13.0939233205705,6.21103105506615,-0.531,-0.379,0.741,-0.0563333333333333,0.482581333333333,0.69468074201991,0.974683,0.987260350667442,0.652381790058552,1
0.974,-0.069,-0.103,0.267333333333333,0.374822333333333,0.612227354283793,0.964046,0.981858441935496,0.976440986440041,13.0939233205705,6.03656378006047,-0.531,-0.867,0.741,-0.219,0.719424,0.84818865825947,1.582731,1.25806637344776,1.01668579216983,1
0.974,-0.073,-0.111,0.263333333333333,0.379146333333333,0.615748595884175,0.966326,0.983018819758808,0.976731795325615,13.0939233205705,6.50155151845698,-0.531,-0.867,0.314,-0.361333333333333,0.370280333333333,0.608506641979636,1.132246,1.06407048638706,1.01668579216983,1
0.974,-0.075,-0.108,0.263666666666667,0.378702333333333,0.615387953516587,0.965965,0.982835184555376,0.976883309305671,13.0939233205705,6.32727856616166,-0.684,-0.47,0.314,-0.28,0.276076,0.525429348247697,0.787352,0.887328574993503,0.829913248478418,1
0.97,-0.075,-0.108,0.262333333333333,0.375866333333333,0.613079385832971,0.958189,0.978871288781114,0.972895163930832,14.0698677475721,6.35315752516654,-0.684,-0.47,0.314,-0.28,0.276076,0.525429348247697,0.787352,0.887328574993503,0.829913248478418,1
0.974,-0.074,-0.108,0.264,0.378364,0.615112997749194,0.965816,0.982759380519972,0.97680704338165,13.0939233205705,6.32727856616166,-0.684,-5.976,-0.068,-2.24266666666667,10.5481973333333,3.24779884434571,36.185056,6.01540156598045,6.01501720695793,1
0.972,-0.074,-0.108,0.263333333333333,0.376945333333333,0.613958739113088,0.961924,0.98077724280287,0.974812802542109,13.5904939668059,6.34019174590991,-0.653,-5.976,-0.073,-2.234,10.586023,3.25361691045519,36.144314,6.01201413837326,6.01157092613902,1
0.975,-0.074,-0.108,0.264333333333333,0.379074333333333,0.615690127688705,0.967765,0.983750476492896,0.977804172623537,12.8385681409841,6.32084160158882,-0.653,-3.984,-0.073,-1.57,4.454647,2.11060346820524,16.303994,4.03782045167935,4.03716051204309,1
0.973,-0.076,-0.113,0.261333333333333,0.380194333333333,0.616599005297068,0.965274,0.982483587649178,0.975963626371393,13.3444767140332,6.62440748668869,-0.837,-0.47,0.1,-0.402333333333333,0.222926333333333,0.472150752761587,0.931469,0.965126416590076,0.959931768408568,1
0.973,-0.076,-0.113,0.261333333333333,0.380194333333333,0.616599005297068,0.965274,0.982483587649178,0.975963626371393,13.3444767140332,6.62440748668869,-0.837,-0.165,0.1,-0.300666666666667,0.233296333333333,0.483007591382717,0.737794,0.858949358227829,0.853108433905093,1
0.973,-0.076,-0.112,0.261666666666667,0.379820333333333,0.616295654157429,0.965049,0.982369075246162,0.975963626371393,13.3444767140332,6.56629862074631,-0.714,-0.165,0.009,-0.29,0.142401,0.377360570277288,0.537102,0.732872430918233,0.73281716682949,1
0.973,-0.073,-0.112,0.262666666666667,0.378810333333333,0.615475696785286,0.964602,0.982141537661451,0.975734595061587,13.3444767140332,6.56629862074631,-0.714,-0.165,-0.074,-0.317666666666667,0.119880333333333,0.346237394475717,0.542497,0.736543956597296,0.73281716682949,1
0.973,-0.073,-0.116,0.261333333333333,0.380314333333333,0.616696305594037,0.965514,0.982605719502996,0.975734595061587,13.3444767140332,6.79865151437939,-0.623,-1.478,-0.074,-0.725,0.500607,0.707535864815346,2.578089,1.60564286190921,1.60393671944999,1
0.972,-0.075,-0.116,0.260333333333333,0.380272333333333,0.616662252236452,0.963865,0.981766265462406,0.974889224476299,13.5904939668059,6.80558044186478,-0.714,-1.478,0.497,-0.565,0.991807,0.995895074794529,2.941289,1.71501865879063,1.64142620912425,1
0.973,-0.076,-0.112,0.261666666666667,0.379820333333333,0.616295654157429,0.965049,0.982369075246162,0.975963626371393,13.3444767140332,6.56629862074631,-0.745,-1.02,0.619,-0.382,0.770407,0.877728317875184,1.978586,1.4066221951896,1.26310134193579,1
0.973,-0.076,-0.109,0.262666666666667,0.378702333333333,0.615387953516587,0.964386,0.982031567720712,0.975963626371393,13.3444767140332,6.39189105920858,-0.806,-1.02,1.046,-0.26,1.290676,1.13607922258969,2.784152,1.66857783756108,1.30001384608011,1
0.976,-0.07,-0.109,0.265666666666667,0.378810333333333,0.615475696785286,0.969357,0.984559292272436,0.978507026035071,12.5781186557826,6.37240571952722,-0.806,-1.05,1.229,-0.209,1.565767,1.2513061176227,3.262577,1.80626050169957,1.32368274144525,1
0.976,-0.07,-0.109,0.265666666666667,0.378810333333333,0.615475696785286,0.969357,0.984559292272436,0.978507026035071,12.5781186557826,6.37240571952722,-1.05,-1.05,1.229,-0.290333333333333,1.73128033333333,1.31578126348316,3.715441,1.92754792417724,1.48492424049175,1
0.968,-0.08,-0.115,0.257666666666667,0.378736333333333,0.615415577746723,0.956649,0.978084352190546,0.971300159579931,14.533746901085,6.77507828805485,-1.66,5.403,-10.032,-2.09633333333333,59.7025963333333,7.72674552016134,132.589033,11.5147311301654,5.65225698283438,1
0.968,-0.085,-0.117,0.255333333333333,0.381176333333333,0.617394795356531,0.957938,0.978743071495272,0.971724755267663,14.533746901085,6.89178205082628,-2.271,5.989,-10.032,-2.10466666666667,64.1888603333333,8.01179507559531,141.666586,11.9023773255598,6.40511998326339,1
0.965,-0.085,-0.117,0.254333333333333,0.379041333333333,0.615663327910095,0.952139,0.975776101367522,0.96873629022557,15.203604093293,6.91300026851544,-2.668,5.989,-10.032,-2.237,64.307431,8.01919141809198,143.627369,11.9844636509107,6.55639725764081,1
0.957,-0.053,-0.117,0.262333333333333,0.362945333333333,0.602449444628621,0.932347,0.965581172144528,0.958466483503727,16.8632195997888,6.97022303327225,-5.078,5.989,-0.571,0.113333333333333,30.9708563333333,5.56514656889945,61.980246,7.87275339382608,7.85201916706779,1
0.687,0.543,0.422,0.550666666666667,0.0176003333333333,0.132666247905537,0.944902,0.972060697693308,0.875681448929918,46.606900480377,-31.5609468168968,-5.078,1.025,-0.571,-1.54133333333333,10.0178123333333,3.16509278431665,27.16275,5.21178951992499,5.18041590994391,1
0.687,0.543,0.422,0.550666666666667,0.0176003333333333,0.132666247905537,0.944902,0.972060697693308,0.875681448929918,46.606900480377,-31.5609468168968,-6.36,-23.969,14.321,-5.336,367.317457,19.1655278299347,820.053602,28.636578042776,24.7984386806912,1
0.687,0.521,0.398,0.535333333333333,0.0210343333333333,0.145032180337101,0.901814,0.949638878732332,0.862212270847499,46.606900480377,-30.0850178450802,-6.36,-23.969,17.068,-4.42033333333333,423.830572333333,20.58714580347,906.279185,30.1044711795441,24.7984386806912,1
0.698,0.514,0.34,0.517333333333333,0.0320493333333333,0.179023275954087,0.867,0.931128347758783,0.866833317310774,45.7332368484762,-25.97099180226,-8.13,-23.969,17.068,-5.01033333333333,428.308082333333,20.6956053869737,931.926485,30.5274709892582,25.3102718476116,1
0.73,0.514,0.299,0.514333333333333,0.0464403333333333,0.215500193348715,0.886497,0.941539696454695,0.892802329746064,43.1136059458987,-22.2734685512603,-9.168,-2.863,0.502,-3.843,24.097525,4.90892299797013,92.500997,9.61774386225793,9.60463393368014,1
0.825,0.468,0.281,0.524666666666667,0.0763923333333333,0.276391630360497,0.97861,0.989247188522667,0.948498286767035,34.4115086697694,-18.8091539634663,-9.168,-2.863,0.498,-3.84433333333333,24.0801503333333,4.90715297635333,92.496997,9.61753591103252,9.60463393368014,1
0.825,0.468,0.234,0.509,0.088581,0.297625603737313,0.954405,0.976936538368793,0.948498286767035,34.4115086697694,-15.8352647928975,-6.36,-2.76,0.422,-2.89933333333333,11.5134413333333,3.39314622928829,48.245284,6.94588252132154,6.93305127631406,1
0.704,0.468,0.234,0.468666666666667,0.0552253333333333,0.235000709218788,0.769396,0.877152210280519,0.845363826999949,45.2511879159189,-18.3861033279241,4.321,-2.76,0.422,0.661,12.577981,3.54654493838722,26.466725,5.14458210158998,5.12724497171727,1
0.704,0.468,0.445,0.539,0.020551,0.143356199726416,0.912665,0.955335019770551,0.845363826999949,45.2511879159189,-32.2970735963628,24.279,-1.249,0.376,7.802,204.278803,14.2926135818471,591.171218,24.3140127909813,24.3111053224653,1
0.956,0.468,0.708,0.710666666666667,0.0595413333333333,0.244010928717001,1.634224,1.27836770922923,1.06440593760088,17.0596212568516,-36.523121775539,24.279,1.466,0.067,8.604,184.768519,13.5929584344248,591.623486,24.3233115755236,24.3232192976177,1
0.956,-0.063,0.708,0.533666666666667,0.282384333333333,0.531398469449558,1.419169,1.19128879789915,0.958073587987896,17.0596212568516,-36.523121775539,-36.664,1.466,0.04,-11.7193333333333,467.185665333333,21.6144781415914,1346.399652,36.6933189014022,36.6932970990616,1
0.939,-0.063,0.456,0.444,0.251109,0.501107772839336,1.093626,1.04576574814822,0.941111045520134,20.1157080544961,-25.9022760932134,-45.728,0.917,0.04,-14.9236666666667,711.872496333333,26.6809388203139,2091.892473,45.7372110321563,45.7371935409247,1
0.939,0.024,0.319,0.427333333333333,0.218108333333333,0.467020699041631,0.984058,0.991996975801842,0.939306659190703,20.1157080544961,-18.7638112928564,-45.728,-2.992,0.097,-16.2076666666667,655.973040333333,25.6119706452536,2100.011457,45.8258819555063,45.8257792950649,1
0.85,0.077,0.319,0.415333333333333,0.156342333333333,0.395401483726773,0.83019,0.911147627994498,0.853480521160266,31.7883306170516,-20.5708178838205,-45.728,-2.992,0.097,-16.2076666666667,655.973040333333,25.6119706452536,2100.011457,45.8258819555063,45.8257792950649,1
0.85,0.077,0.209,0.378666666666667,0.170972333333333,0.413488008693521,0.77211,0.878697900304763,0.853480521160266,31.7883306170516,-13.8139833156272,-16.217,-2.992,0.097,-6.37066666666667,75.0981903333333,8.66592120511913,271.952562,16.4909842641366,16.4906989845792,1
0.85,0.069,0.161,0.36,0.182191,0.426838376906295,0.753182,0.867860587882639,0.852795989671621,31.7883306170516,-10.7254344833435,-16.217,0.567,-0.103,-5.251,90.302092,9.50274128870191,263.323187,16.2272359630345,16.2269090710462,1
1.076,0.069,0.126,0.423666666666667,0.319966333333333,0.56565566675614,1.178413,1.08554732738835,1.07821009084501,0,-6.67893960437081,-22.626,0.567,-16.868,-12.9756666666667,145.841506333333,12.0764856780991,796.786789,28.2274120138563,22.6331033002547,1
1.11,0.069,0.007,0.395333333333333,0.384022333333333,0.61969535526203,1.23691,1.11216455616963,1.11214252683728,0,-0.361319945881113,-22.626,-45.85,-16.868,-28.448,235.410844,15.343104118789,2898.6878,53.8394632216927,51.1288409412926,1
1.11,0.072,0.007,0.396333333333333,0.383046333333333,0.618907370559871,1.237333,1.1123547096138,1.11233268404736,0,-0.361319945881113,-20.642,-45.85,0.075,-22.139,528.957163,22.9990687420165,2528.320289,50.2824053621145,50.2823494280051,1
0.899,0.072,0.007,0.326,0.247303,0.497295686689519,0.813434,0.901905760043698,0.90187859493393,25.9730685579241,-0.446120524422017,-15.607,-18.689,0.131,-11.3883333333333,101.895961333333,10.0943529427761,592.874331,24.3490108834014,24.3486584846065,1
0.769,0.072,0.03,0.290333333333333,0.172282333333333,0.415069070557339,0.597445,0.772945664325766,0.772363256505642,39.7358255396795,-2.23407306744127,-15.607,-18.689,1.321,-10.9916666666667,116.076001333333,10.7738573098651,594.602211,24.3844665924846,24.3486584846065,1
0.674,0.072,0.043,0.263,0.126901,0.356231666194908,0.461309,0.679197320371628,0.677834788130559,47.6234574712212,-3.65042142275944,-19.3,-20.276,1.321,-12.7516666666667,148.768104333333,12.1970531003736,785.351217,28.0241184874743,27.9929665451877,1
0.674,0.092,0.043,0.269666666666667,0.123214333333333,0.351018992838469,0.464589,0.68160765840768,0.680249954061005,47.6234574712212,-3.65042142275944,-19.3,-20.276,0.366,-13.07,135.632716,11.6461459719514,783.740132,27.9953591153963,27.9929665451877,1
0.835,0.092,0.043,0.323333333333333,0.196952333333333,0.443793119970706,0.707538,0.841152780415068,0.84005297452006,33.3841618063483,-2.9479570043657,0.964,4.473,0.366,1.93433333333333,4.92302233333333,2.21878848323434,21.070981,4.59031382369441,4.57569940009175,1
0.835,0.008,0.077,0.306666666666667,0.210542333333333,0.458848922122885,0.703218,0.838580944214689,0.835038322473885,33.3841618063483,-5.26866222337349,0.964,4.473,0.12,1.85233333333333,5.32900433333333,2.30846363049829,20.951425,4.57727265956486,4.57569940009175,1
0.835,0.008,0.089,0.310666666666667,0.207834333333333,0.455888509762347,0.70521,0.839767825056426,0.835038322473885,33.3841618063483,-6.08400506505344,-3.705,2.398,0.048,-0.419666666666667,9.47568633333333,3.07826027706127,19.479733,4.4135850507269,4.4133240307052,1
1.031,0.124,0.089,0.414666666666667,0.285206333333333,0.534047126509762,1.086258,1.04223701718947,1.03843006505012,0,-4.93376749217347,-3.705,2.398,-2.524,-1.277,10.477909,3.23695983910829,25.848005,5.08409333116535,4.4133240307052,1
1.041,0.124,0.057,0.407333333333333,0.302272333333333,0.549792991346137,1.102306,1.04990761498334,1.04835919416963,0,-3.13410325047202,-3.339,2.398,-2.524,-1.155,9.633913,3.10385453911745,23.269901,4.8238885766568,4.11087885980602,1
1.041,0.116,0.057,0.404666666666667,0.304560333333333,0.551869851806867,1.100386,1.04899285030929,1.04744307721231,0,-3.13410325047202,2.093,3.314,1.412,2.273,0.928701,0.963691340627278,17.356989,4.16617198396802,3.91959755587229,1
1.018,0.069,0.056,0.381,0.304369,0.551696474521997,1.044221,1.02187132262335,1.02033572906176,0,-3.14865722875451,2.093,6.091,2.511,3.565,4.829188,2.19754135342205,47.786051,6.91274554717588,6.4405690742356,1
0.983,0.056,0.052,0.363666666666667,0.287684333333333,0.536362128914163,0.972129,0.985966023755383,0.98459382488415,10.5798440961225,-3.02808350988357,1.178,6.091,2.511,3.26,6.455143,2.54069734521843,44.793086,6.69276370418081,6.20386693925651,1
0.983,0.056,0.049,0.362666666666667,0.288622333333333,0.537235826554162,0.971826,0.985812355369925,0.98459382488415,10.5798440961225,-2.85368396490054,-4.438,-1.111,1.656,-1.29766666666667,9.31034233333333,3.05128535757201,23.672501,4.86543944572327,4.57494972649974,1
0.987,0.055,0.042,0.361333333333333,0.293636333333333,0.541882213523689,0.978958,0.989423064214697,0.988531233699775,9.24870479102892,-2.43664824681013,-6.086,-4.529,0.955,-3.22,13.679031,3.69851740566406,58.463262,7.64612725502264,7.58625315949844,1
0.994,0.042,0.042,0.359333333333333,0.302101333333333,0.549637456268524,0.991564,0.995773066516664,0.994886928248633,6.27958064109703,-2.41950921665634,-8.313,-5.475,0.497,-4.43033333333333,20.2225213333333,4.49694577834038,99.328603,9.9663736133059,9.95397377935064,1
0.994,0.042,0.042,0.359333333333333,0.302101333333333,0.549637456268524,0.991564,0.995773066516664,0.994886928248633,6.27958064109703,-2.41950921665634,-9.29,-5.475,0.497,-4.756,24.334063,4.93295682121788,116.526734,10.7947549300575,10.7833077021849,1
0.994,0.059,0.053,0.368666666666667,0.293290333333333,0.541562861848311,0.994326,0.997158964257956,0.995749466482408,6.27958064109703,-3.0521161391001,-10.907,-0.318,0.527,-3.566,40.596217,6.37151606762472,119.341502,10.9243536193223,10.9116347537846,1
0.985,0.059,0.053,0.365666666666667,0.287689333333333,0.53636678992396,0.976515,0.988187735200149,0.986765422985625,9.93636707214072,-3.0799500453143,-10.907,0.048,0.894,-3.32166666666667,43.3318903333333,6.58269628141336,119.764189,10.9436826068742,10.9071056197325,1
0.977,0.059,0.056,0.364,0.281829,0.530875691664254,0.961146,0.980380538362528,0.978779852673726,12.3122515058189,-3.28050846341073,-11.335,0.476,0.894,-3.32166666666667,48.2038143333333,6.94289668174123,129.508037,11.3801597967691,11.3449901278053,1
0.974,0.062,0.056,0.364,0.279084,0.528284014522491,0.955656,0.977576595464519,0.975971311053762,13.0939233205705,-3.29059052905294,-11.701,1.3,0.222,-3.393,52.057669,7.21510006860612,138.652685,11.7750874731358,11.7729945638312,1
0.974,0.062,0.064,0.366666666666667,0.276641333333333,0.525967045862508,0.956616,0.978067482334425,0.975971311053762,13.0939233205705,-3.75941075702435,-11.701,2.093,-0.602,-3.40333333333333,53.4542103333333,7.31123863195104,141.656454,11.9019516886938,11.8867173769717,1
0.978,0.062,0.076,0.372,0.275476,0.524858076054851,0.966104,0.982905895800814,0.979963264617608,12.0406077411656,-4.4435026715225,-11.579,3.924,-0.968,-2.87433333333333,62.8113323333333,7.92536007594187,150.408041,12.2640956046502,12.2258340001817,1
0.994,0.079,0.076,0.383,0.279993,0.5291436477933,1.000053,1.00002649964888,0.997134394151561,6.27958064109703,-4.37225708197961,-10.175,3.924,-0.968,-2.40633333333333,51.2470523333333,7.15870465470767,119.865425,10.9483069467384,10.9054298860705,1
0.994,0.088,0.073,0.385,0.278217,0.527462794896474,1.001109,1.00055434635006,0.99788776924061,6.27958064109703,-4.20029829287528,-8.374,3.283,-0.938,-2.00966666666667,34.8327643333333,5.90192886549248,81.781809,9.04332953065407,8.99455196216021,1
0.984,0.089,0.073,0.382,0.271867,0.521408668896097,0.981506,0.990709846524198,0.988016700263715,10.2630958986226,-4.24282915324828,-6.665,2.246,-0.938,-1.78566666666667,20.3903843333333,4.51557131859672,50.346585,7.09553274955447,7.03325962836578,1
0.984,0.089,0.076,0.383,0.270943,0.520521853527784,0.981953,0.990935416664477,0.988016700263715,10.2630958986226,-4.41651566822763,-4.499,1.849,-0.632,-1.094,10.234359,3.19911847232953,24.059226,4.90502048925384,4.86413424979204,1
0.984,0.085,0.076,0.381666666666667,0.272124333333333,0.521655377939625,0.981257,0.990584171082902,0.987664416692228,10.2630958986226,-4.41651566822763,-2.393,1.727,0.009,-0.219,4.282588,2.06944147054223,8.709059,2.95111148552541,2.95109776185066,1
0.992,0.085,0.062,0.379666666666667,0.281346333333333,0.530420902051695,0.995133,0.997563531811383,0.995634973270827,7.25224686505943,-3.57633437499735,-2.118,0.537,0.009,-0.524,1.975323,1.40546184580016,4.774374,2.18503409584382,2.18501556058532,1
0.992,0.085,0.055,0.377333333333333,0.283586333333333,0.532528246512176,0.994314,0.99715294714502,0.995634973270827,7.25224686505943,-3.173432288445,-1.294,-0.47,-0.053,-0.605666666666667,0.398824333333333,0.631525401969971,1.898145,1.37773183167117,1.37671202508005,1
0.989,0.085,0.055,0.376333333333333,0.281745333333333,0.530796885195583,0.988371,0.994168496785128,0.992645959040785,8.50614695347707,-3.18303870918233,0.842,-0.898,-0.053,-0.0363333333333333,0.757108333333333,0.87011972356299,1.518177,1.23214325465832,1.23100284321361,1
0.985,0.084,0.055,0.374666666666667,0.279590333333333,0.528763021904268,0.980306,0.990104034937743,0.988575237399764,9.93636707214072,-3.19593801359591,2.124,-1.539,0.619,0.401333333333333,3.38992633333333,1.8411752587229,7.263058,2.69500612244203,2.62295577545638,1
0.985,0.084,0.064,0.377666666666667,0.276740333333333,0.526061149804215,0.981377,0.990644739550965,0.988575237399764,9.93636707214072,-3.71754588135538,2.52,-1.783,1.077,0.604666666666667,4.79627633333333,2.19004025838187,10.689418,3.26946754074727,3.08698704240883,1
0.989,0.084,0.064,0.379,0.279175,0.528370135416452,0.989273,0.994622038766485,0.99256082937017,8.50614695347707,-3.70255221481799,3.131,-3.278,1.351,0.401333333333333,10.9452203333333,3.30835613762082,22.373646,4.7300788576936,4.53303926742313,1
0.989,0.087,0.057,0.377666666666667,0.280521333333333,0.529642646822679,0.988939,0.994454121616478,0.992819218186272,8.50614695347707,-3.29853445990865,3.253,-3.492,1.809,0.523333333333333,12.6134603333333,3.55154337342701,26.048554,5.1037784042805,4.77242841748307,1
0.984,0.087,0.056,0.375666666666667,0.277792333333333,0.527060085126291,0.978961,0.98942458024854,0.987838549561617,10.2630958986226,-3.25722194066696,3.772,-3.492,2.48,0.92,15.016624,3.87512890108187,32.572448,5.70722769827874,5.14023812677973,1
0.984,0.082,0.056,0.374,0.279244,0.5284354265187,0.978116,0.988997472190905,0.987410755460968,10.2630958986226,-3.25722194066696,4.535,-3.125,3.06,1.49,16.517575,4.0641819595092,39.69545,6.3004325248351,5.50743588251375,1
0.985,0.069,0.056,0.37,0.283711,0.532645285344759,0.978122,0.989000505561044,0.987413793705557,9.93636707214072,-3.25392222569128,4.535,-3.095,3.457,1.63233333333333,17.0512813333333,4.12931971798423,42.096099,6.48815066101274,5.49046901457426,1
0.985,0.061,0.067,0.371,0.282756,0.531748060645265,0.978435,0.989158733470013,0.986887024942572,9.93636707214072,-3.89128241390675,3.924,-3.095,3.701,1.51,15.916951,3.98960536895568,38.674202,6.21885857694159,4.99767956155654,1
0.981,0.057,0.067,0.368333333333333,0.281545333333333,0.530608455768784,0.970099,0.984936038532452,0.982654567994267,11.18676388096,-3.90709996620977,3.436,-1.996,3.701,1.71366666666667,10.3387763333333,3.21539676141737,29.487513,5.43024060240428,3.97367739002552,1
0.981,0.055,0.058,0.364666666666667,0.284902333333333,0.533762431549218,0.96875,0.984250984251476,0.982540584403515,11.18676388096,-3.38357921072834,-2.668,-1.996,0.994,-1.22333333333333,3.80032133333333,1.94944128748042,12.090276,3.47710741853052,3.33200240095952,1
0.976,0.052,0.051,0.359666666666667,0.284900333333333,0.533760558053265,0.957881,0.978713952082017,0.977384264248202,12.5781186557826,-2.99121877938387,-2.668,0,0.994,-0.558,3.586084,1.89369585731183,8.10626,2.84714945164457,2.668,1
0.924,-0.188,-0.256,0.16,0.438928,0.662516414890982,0.954656,0.977064992720546,0.942931598791768,22.481956617359,15.4857261569098,0.11,-1.844,-0.053,-0.595666666666667,1.17539433333333,1.08415604657878,3.415245,1.84803814895689,1.84727799748711,1
0.924,-0.188,-0.256,0.16,0.438928,0.662516414890982,0.954656,0.977064992720546,0.942931598791768,22.481956617359,15.4857261569098,0.11,-2.607,-0.184,-0.893666666666667,2.22324233333333,1.49105410141059,6.842405,2.61579911308189,2.60931964312539,1
0.924,-0.188,-0.256,0.16,0.438928,0.662516414890982,0.954656,0.977064992720546,0.942931598791768,22.481956617359,15.4857261569098,0.11,-2.607,-0.188,-0.895,2.220409,1.49010368766741,6.843893,2.61608352313148,2.60931964312539,1
0.913,-0.183,-0.254,0.158666666666667,0.428024333333333,0.654235686380171,0.931574,0.965180812076162,0.931159492246092,24.0767216446044,15.5467652238041,-0.135,-2.607,-0.188,-0.976666666666667,1.99419233333333,1.41215874933852,6.850018,2.61725390438146,2.61049305687642,1
0.913,-0.183,-0.254,0.158666666666667,0.428024333333333,0.654235686380171,0.931574,0.965180812076162,0.931159492246092,24.0767216446044,15.5467652238041,-0.989,-0.867,-0.188,-0.681333333333333,0.186254333333333,0.431571932976802,1.765154,1.32859098295901,1.31522241465085,1
0.924,-0.181,-0.263,0.16,0.439453,0.662912513081477,0.955706,0.9776021685737,0.941560938017291,22.481956617359,15.8880509877584,-0.989,0.354,-0.174,-0.269666666666667,0.457776333333333,0.676591703565255,1.133713,1.06475959728006,1.05044609571363,1
0.924,-0.181,-0.263,0.16,0.439453,0.662912513081477,0.955706,0.9776021685737,0.941560938017291,22.481956617359,15.8880509877584,-0.714,0.918,-0.157,0.0156666666666667,0.688216333333333,0.829588050380026,1.377169,1.17352844021779,1.16297893360112,1
0.923,-0.177,-0.259,0.162333333333333,0.435641333333333,0.660031312388536,0.950339,0.974853322300335,0.939818067500301,22.6313213551412,15.6744764808577,-0.714,0.922,-0.157,0.017,0.691831,0.831763788584235,1.384529,1.17666010385327,1.16613892825855,1
0.923,-0.177,-0.259,0.162333333333333,0.435641333333333,0.660031312388536,0.950339,0.974853322300335,0.939818067500301,22.6313213551412,15.6744764808577,-0.745,0.922,-0.157,0.00666666666666668,0.714812333333333,0.845465749355545,1.429758,1.19572488474565,1.18537293709617,1
0.922,-0.177,-0.259,0.162,0.434881,0.659455078075831,0.948494,0.973906566360449,0.938835981415284,22.7797578906785,15.6906400977047,-0.928,-0.989,0.588,-0.443,0.798151,0.893392970646177,2.185049,1.47819112431377,1.35620979203072,1
0.92,-0.179,-0.261,0.16,0.434881,0.659455078075831,0.946562,0.972914179154564,0.937251833820559,23.073918065631,15.8384087897508,-0.928,-0.989,0.588,-0.443,0.798151,0.893392970646177,2.185049,1.47819112431377,1.35620979203072,1
0.92,-0.179,-0.269,0.157333333333333,0.438270333333333,0.662019888925804,0.950802,0.975090765006007,0.937251833820559,23.073918065631,16.2984608672227,-0.928,-0.923,0.588,-0.421,0.763567,0.873823208664087,2.058857,1.43487177127435,1.30885942713494,1
0.919,-0.179,-0.269,0.157,0.437508,0.661443875170071,0.948963,0.974147319454301,0.936270260127918,23.2196761572292,16.3152530613475,-0.531,-0.923,-0.177,-0.543666666666667,0.139249333333333,0.373161269873139,1.165219,1.07945310226985,1.06484271138981,1
0.919,-0.179,-0.267,0.157666666666667,0.436657333333333,0.660800524616418,0.947891,0.97359693918993,0.936270260127918,23.2196761572292,16.2003345320741,-0.531,-0.923,-0.177,-0.543666666666667,0.139249333333333,0.373161269873139,1.165219,1.07945310226985,1.06484271138981,1
0.913,-0.187,-0.266,0.153333333333333,0.434380333333333,0.659075362408073,0.939294,0.969171811393625,0.931953861518906,24.0767216446044,16.2433345793896,-0.531,-0.104,0.009,-0.208666666666667,0.0811163333333333,0.284809292919549,0.292858,0.541163561227103,0.541088717309833,1
0.913,-0.187,-0.266,0.153333333333333,0.434380333333333,0.659075362408073,0.939294,0.969171811393625,0.931953861518906,24.0767216446044,16.2433345793896,-0.745,0.537,0.009,-0.0663333333333333,0.415137333333333,0.644311518858179,0.843475,0.918408950304819,0.918364851243774,1
0.913,-0.187,-0.266,0.153333333333333,0.434380333333333,0.659075362408073,0.939294,0.969171811393625,0.931953861518906,24.0767216446044,16.2433345793896,-5.414,3.07,-5.118,-2.48733333333333,23.1848693333333,4.81506690850016,64.93022,8.05792901433116,6.22384896988993,1
0.913,-0.187,-0.27,0.152,0.436063,0.660350664420049,0.941438,0.970277279956611,0.931953861518906,24.0767216446044,16.4744430333056,-5.414,3.253,-7.194,-3.11833333333333,31.2375163333333,5.58905325912478,91.647041,9.57324610568432,6.3161226238888,1
0.9,-0.179,-0.275,0.148666666666667,0.425680333333333,0.652441823715596,0.917666,0.957948850409039,0.917627920237827,25.8419327631671,16.9908232919862,-5.384,3.253,-7.194,-3.10833333333333,31.1689463333333,5.58291557641107,91.323101,9.5563121024797,6.29042645613157,1
0.884,-0.168,-0.275,0.147,0.410239,0.640499024199101,0.885305,0.940906477818067,0.899822204660454,27.8712889318682,17.2801851520251,-4.316,0.769,0.427,-1.04,8.078373,2.84224787800079,19.401546,4.4047186062222,4.38397274170358,1
0.786,0.406,0.275,0.489,0.070447,0.265418537408373,0.858257,0.926421610283353,0.884664908312746,38.1867391465475,-19.2835519398725,-1.66,-11.823,17.434,1.317,220.639909,14.8539526389443,446.483285,21.1301510879596,11.9389668313468,1
0.737,0.406,0.275,0.472666666666667,0.0566943333333333,0.238105718816943,0.78363,0.885228783987507,0.841430329855063,42.5235152481854,-20.4622715234222,3.192,-11.823,22.317,4.562,292.792575,17.111182746964,648.020682,25.4562503523202,12.2463134452781,1
0.737,0.383,0.264,0.461333333333333,0.0605343333333333,0.246037260050858,0.759554,0.871523952625515,0.830576907938091,42.5235152481854,-19.7079788429787,3.192,-8.588,22.317,5.64033333333333,243.275508333333,15.5972916986679,581.991097,24.1244916423124,9.16201986463684,1
0.741,0.369,0.264,0.458,0.062823,0.250645167517748,0.754938,0.868871682125733,0.827793452498871,42.1833299665174,-19.6097277767291,2.429,-8.588,21.92,5.25366666666667,238.668572333333,15.4489019782421,560.140185,23.6672808957852,8.92489691817222,1
0.741,0.36,0.263,0.454666666666667,0.0638423333333333,0.25267040454579,0.74785,0.864783209827758,0.823820975697997,42.1833299665174,-19.5410854809214,2.154,-9.046,21.768,4.95866666666667,243.275265333333,15.597283908852,560.315656,23.6709876431044,9.29891563570721,1
0.719,0.359,0.26,0.446,0.058347,0.241551236800808,0.713442,0.844654959140121,0.803642955546803,44.0280198129292,-19.8806669760964,2.154,-9.137,21.768,4.92833333333333,244.552450333333,15.6381728578927,561.970309,23.7059129543665,9.38746424760169,1
0.719,0.344,0.26,0.441,0.059727,0.244391080033622,0.702897,0.838389527606351,0.797055205114426,44.0280198129292,-19.8806669760964,2.154,-9.137,5.715,-0.422666666666667,60.1248843333333,7.75402375114581,120.78571,10.9902552290654,9.38746424760169,1
0.721,0.344,0.261,0.442,0.060103,0.245159131993895,0.706298,0.84041537349099,0.798859812482766,43.8628958798206,-19.9001154786954,2.368,-3.339,1.534,0.187666666666667,9.50192233333333,3.08251882935585,19.109501,4.37144152425719,4.09345147766527,1
0.753,0.342,0.261,0.452,0.069591,0.263801061408024,0.752094,0.86723353256202,0.827026601748698,41.1490802845014,-19.1170092160947,2.368,-0.593,1.534,1.103,2.331201,1.52682710219592,8.312229,2.8830936509243,2.44112125876614,1
0.845,0.281,0.114,0.413333333333333,0.146724333333333,0.383046124289665,0.805982,0.897765002659382,0.890497613696971,32.3280641221623,-7.68345330988754,2.337,5.694,-7.926,0.0350000000000001,50.350503,7.0958088333889,100.704681,10.035172195832,6.15493338712939,1
0.864,0.281,0.114,0.419666666666667,0.155046333333333,0.393759232695988,0.838453,0.915670792370271,0.908546641620561,30.2312862551218,-7.51644171626949,-1.142,8.715,-8.231,-0.219333333333333,72.4302143333333,8.51059424090547,145.00475,12.0417918101917,8.78950447977586,1
1.064,0.448,0.237,0.583,0.184651,0.429710367573323,1.388969,1.17854528975343,1.15446957517295,0,-12.5573130697415,-1.142,8.715,-28.495,-6.974,371.655193,19.2783607446276,889.220414,29.8197990268211,8.78950447977586,1
1.064,0.448,0.318,0.61,0.158812,0.398512233187389,1.433924,1.19746565712759,1.15446957517295,0,-16.6399420855857,-29.279,0.994,-28.495,-18.9266666666667,297.778384333333,17.2562563823482,1670.212902,40.8682383031126,29.295867916824,1
1.421,0.448,2.05,1.30633333333333,0.651462333333333,0.807132165963749,6.422445,2.53425432819991,1.4899479856693,0,-55.2714327721863,-37.854,0.994,-4.142,-13.6673333333333,445.340757333333,21.1030982875343,1451.069516,38.0929063737594,37.8670483666208,1
1.449,0.32,2.05,1.273,0.771457,0.878326249180793,6.404501,2.53071156001627,1.48391408107073,0,-54.7462119157536,-37.854,0.994,10.385,-8.825,654.059851,25.5745938579677,1541.761577,39.2652718951493,37.8670483666208,1
1.449,-0.328,0.548,0.556333333333333,0.789484333333333,0.888529309214577,2.507489,1.58350528890812,1.48565978608832,0,-20.7162097949879,-19.025,94.409,79.537,51.6403333333333,3800.48609733333,61.6480826736188,15601.144275,124.90454065005,96.3068528506669,1
1.443,-0.345,0.464,0.520666666666667,0.801644333333334,0.89534592942244,2.41657,1.55453208394037,1.48366910057465,0,-17.8253150898562,-19.025,94.409,79.537,51.6403333333333,3800.48609733333,61.6480826736188,15601.144275,124.90454065005,96.3068528506669,1
0.942,-0.345,0.243,0.28,0.415119,0.644297291628639,1.065438,1.03220056190645,1.00318941381974,19.6098106888681,-14.4647753388122,-26.99,0.952,15.511,-3.509,466.509141,21.5988226762479,969.957525,31.1441411023004,27.0067844068856,1
0.942,0.028,0.243,0.404333333333333,0.228370333333333,0.477881087022005,0.947197,0.973240463605989,0.942416044006043,19.6098106888681,-14.4647753388122,-63.001,-4.743,15.511,-17.411,1661.392204,40.7601791458281,4232.213171,65.0554622687442,63.1792849753778,1
0.942,0.055,0.15,0.382333333333333,0.237176333333333,0.487007529031465,0.912889,0.955452248937643,0.943604260270162,19.6098106888681,-9.04757199990071,-63.001,-4.743,25.735,-14.003,2032.830124,45.0869174373232,4653.912275,68.2195886457841,63.1792849753778,1
0.838,0.168,0.03,0.345333333333333,0.186801333333333,0.432205198179445,0.731368,0.855200561272033,0.854674206935017,33.0704767161669,-2.05028597074427,-52.9,-3.4,25.735,-10.1883333333333,1580.42690833333,39.7545834883644,3472.260225,58.9258875622591,53.0091501535348,1
0.838,0.234,0.03,0.367333333333333,0.176549333333333,0.420177740168769,0.7579,0.870574522944475,0.870057469366248,33.0704767161669,-2.05028597074427,-34.406,11.313,3.335,-6.586,596.376421,24.4208194170466,1322.87903,36.3714040146926,36.2181833475949,1
1.093,0.234,0.039,0.455333333333333,0.314470333333333,0.560776544920821,1.250926,1.11844803187274,1.11776786498808,0,-2.04353870526641,-21.619,11.313,0.173,-3.37766666666667,280.584581333333,16.7506591313098,595.395059,24.400718411555,24.4001051227244,1
1.115,0.182,0.039,0.445333333333333,0.341452333333333,0.58433922796038,1.27787,1.13042912205941,1.12975616838325,0,-2.00325094414848,-21.619,-5.323,0.139,-8.93433333333333,128.133937333333,11.3196262011311,495.734811,22.2651029865123,22.2646690970246,1
1.115,0.114,0.024,0.417666666666667,0.366730333333333,0.605582639557421,1.256797,1.12106957857218,1.12081265160597,0,-1.23308197411936,-19.452,-15.424,-7.773,-14.2163333333333,35.1936043333333,5.93241977049276,676.699609,26.0134505400572,24.8249890231597,1
1.11,0.114,0.024,0.416,0.363252,0.602703907403959,1.245672,1.11609676999801,1.11583869802046,0,-1.23863467089689,-19.452,-15.424,-7.773,-14.2163333333333,35.1936043333333,5.93241977049276,676.699609,26.0134505400572,24.8249890231597,1
0.883,0.09,0.024,0.332333333333333,0.228514333333333,0.47803172837515,0.788365,0.887899205991311,0.887574785581474,27.9936033968551,-1.55691986124535,-19.452,-15.424,-7.438,-14.1046666666667,37.3895293333333,6.11469781210268,671.603924,25.9153221859193,24.8249890231597,1
0.749,0.076,-0.037,0.262666666666667,0.180582333333333,0.424949800956929,0.568146,0.753754601976001,0.752845933773969,41.4961710972401,2.82806667953931,-22.199,-14.173,-7.438,-14.6033333333333,54.6106703333333,7.38990326955186,748.993374,27.3677433121549,26.337606762954,1
0.749,0.076,-0.05,0.258333333333333,0.184534333333333,0.429574595772764,0.569277,0.754504473147774,0.752845933773969,41.4961710972401,3.81915199683915,-22.199,-3.663,-0.195,-8.68566666666667,139.964389333333,11.8306546451721,506.251195,22.5000265555399,22.4991815406694,1
0.814,0.076,-0.05,0.28,0.217836,0.466729043450266,0.670872,0.819067762764474,0.817540213078231,35.5113961735016,3.51498049656796,-20.429,-0.742,-0.029,-7.06666666666667,134.041056333333,11.5776101304774,417.895446,20.4424911886981,20.4424706187877,1
0.855,-0.013,0.067,0.303,0.230128,0.479716582994584,0.735683,0.857719651168142,0.855098824698058,31.2402652161817,-4.48068817082215,-0.989,-0.742,-0.015,-0.582,0.256369,0.506328944461997,1.52891,1.23649100279784,1.23640001617599,1
0.995,-0.013,0.067,0.349666666666667,0.313941333333333,0.560304679021453,0.994683,0.997337956762902,0.995084920999208,5.73196796519773,-3.852292397668,-0.989,-0.742,-0.015,-0.582,0.256369,0.506328944461997,1.52891,1.23649100279784,1.23640001617599,1
0.995,-0.005,0.064,0.351333333333333,0.311920333333333,0.558498284091664,0.994146,0.997068703751151,0.995012562734763,5.73196796519773,-3.68028681385649,-9.473,-2.607,0.051,-4.00966666666667,24.1522493333333,4.91449380234967,96.536779,9.82531317567028,9.82518081258559,1
0.995,0.017,0.05,0.354,0.308433,0.55536744593107,0.992814,0.996400521878627,0.995145215533894,5.73196796519773,-2.87676507030058,-9.473,-2.607,0.051,-4.00966666666667,24.1522493333333,4.91449380234967,96.536779,9.82531317567028,9.82518081258559,1
0.991,0.017,0.05,0.352666666666667,0.305874333333333,0.553059068575259,0.98487,0.992406166849038,0.991145801585216,7.69281245155988,-2.88835701173599,-8.619,-2.607,0.741,-3.495,22.493808,4.74276375123198,81.632691,9.03508112857876,9.00464380195019,1
0.982,0.017,0.053,0.350666666666667,0.299260333333333,0.547046920595787,0.967422,0.983576128217842,0.98214713765301,10.887482877261,-3.08934106280979,7.251,-1.355,0.955,2.28366666666667,19.8398253333333,4.45419188330873,55.325051,7.43808113695999,7.37651855552469,1
0.982,0.012,0.053,0.349,0.300937,0.548577250713152,0.967277,0.983502414841977,0.982073317018643,10.887482877261,-3.08934106280979,7.251,-0.654,0.955,2.51733333333333,17.4529203333333,4.17766924652172,53.916742,7.34280205371219,7.28043384696269,1
0.983,0.002,0.041,0.342,0.308541,0.555464670343668,0.967974,0.983856696882224,0.98300203458589,10.5798440961225,-2.38836842760791,5.114,-0.654,0.955,1.805,8.859331,2.97646283363324,27.492737,5.24335169524227,5.15564855280109,1
0.986,0.002,0.041,0.343,0.310467,0.55719565683878,0.973881,0.986854092558773,0.986002028395479,9.59863838343998,-2.38110996336691,1.544,-0.654,0.955,0.615,1.294501,1.13776139853662,3.723677,1.92968313461045,1.67679813931194,1
0.986,0.019,0.045,0.35,0.303541,0.550945550848721,0.974582,0.987209197688109,0.986183045889555,9.59863838343998,-2.61310565906996,-1.66,-1.02,1.003,-0.559,1.932283,1.39006582577948,4.802009,2.19134867148065,1.94833262047321,1
0.986,0.019,0.045,0.35,0.303541,0.550945550848721,0.974582,0.987209197688109,0.986183045889555,9.59863838343998,-2.61310565906996,-1.66,-1.02,1.003,-0.559,1.932283,1.39006582577948,4.802009,2.19134867148065,1.94833262047321,1
0.908,-0.164,-0.299,0.148333333333333,0.437376333333333,0.661344337946076,0.940761,0.969928347869058,0.922691714496234,24.7695868265909,18.2264636118695,-0.653,-0.837,0,-0.496666666666667,0.193472333333333,0.439854900317518,1.126978,1.0615922004235,1.0615922004235,1
0.911,-0.167,-0.299,0.148333333333333,0.440601333333333,0.663778075363546,0.947211,0.973247656046497,0.926180328013935,24.3560880361822,18.1703923543961,-0.837,-0.911,-0.16,-0.636,0.171301,0.413885249797574,1.55609,1.24743336495382,1.23712974258968,1
0.911,-0.167,-0.299,0.148333333333333,0.440601333333333,0.663778075363546,0.947211,0.973247656046497,0.926180328013935,24.3560880361822,18.1703923543961,-0.837,-0.914,-0.161,-0.637333333333333,0.171652333333333,0.414309465657416,1.561886,1.24975437586751,1.23934055045415,1
0.911,-0.167,-0.305,0.146333333333333,0.443297333333333,0.665805777485697,0.950835,0.975107686360845,0.926180328013935,24.3560880361822,18.5103875936977,-0.623,-0.914,-0.161,-0.566,0.144189,0.379722266926763,1.249446,1.1177862049605,1.10613064327863,1
0.91,-0.163,-0.307,0.146666666666667,0.442192333333333,0.664975438142894,0.948918,0.974124222057947,0.924483098817929,24.4946484714197,18.642472964706,-0.623,-0.914,0.375,-0.387333333333333,0.457034333333333,0.676043144579792,1.36415,1.16796832148822,1.10613064327863,1
0.909,-0.163,-0.308,0.146,0.441883,0.664742807407497,0.947714,0.973506034906821,0.923498781807534,24.6324773174015,18.7181217043254,-0.684,-0.916,0.375,-0.408333333333333,0.473664333333333,0.688232761014276,1.447537,1.20313631812858,1.14320251924145,1
0.909,-0.165,-0.311,0.144333333333333,0.443865333333333,0.666232191756998,0.950227,0.974795876068421,0.923853884551015,24.6324773174015,18.8875722933713,-0.684,-0.898,0.375,-0.402333333333333,0.464634333333333,0.681640912308918,1.414885,1.18948938624941,1.12883125399681,1
0.909,-0.165,-0.311,0.144333333333333,0.443865333333333,0.666232191756998,0.950227,0.974795876068421,0.923853884551015,24.6324773174015,18.8875722933713,-0.684,-0.898,0.222,-0.453333333333333,0.353505333333333,0.594563144950419,1.323544,1.15045382349749,1.12883125399681,1
0.909,-0.165,-0.303,0.147,0.440244,0.663508854500074,0.945315,0.972273109779346,0.923853884551015,24.6324773174015,18.434948822922,-0.592,-0.837,0.222,-0.402333333333333,0.307350333333333,0.554391859007087,1.100317,1.04895996110433,1.0251990050717,1
0.914,-0.163,-0.303,0.149333333333333,0.443436333333333,0.665910154099886,0.953774,0.976613536666372,0.928420702052685,23.9358893976888,18.3408671677201,-0.592,-0.837,0.161,-0.422666666666667,0.270506333333333,0.520102233540035,1.076954,1.03776394232985,1.0251990050717,1
0.917,-0.163,-0.303,0.150333333333333,0.445733333333333,0.66763263351437,0.959267,0.979421768187741,0.931374253455613,23.5086305220637,18.2848619900164,-0.684,-0.907,-0.163,-0.584666666666667,0.145784333333333,0.381817146463243,1.317074,1.14763844480742,1.1360039612607,1
0.917,-0.163,-0.307,0.149,0.447552,0.668993273508785,0.961707,0.980666610015861,0.931374253455613,23.5086305220637,18.5098942079263,-0.714,-0.907,-0.168,-0.596333333333333,0.146914333333333,0.383294055958781,1.360669,1.16647717508745,1.15431581467118,1
0.908,-0.169,-0.31,0.143,0.443889,0.666249953095683,0.949125,0.974230465547039,0.923593525312949,24.7695868265909,18.850402039079,-0.745,-0.907,-0.168,-0.606666666666667,0.150882333333333,0.388435751873245,1.405898,1.1857056970429,1.17374358358204,1
0.908,-0.169,-0.31,0.143,0.443889,0.666249953095683,0.949125,0.974230465547039,0.923593525312949,24.7695868265909,18.850402039079,-0.745,-0.348,0.192,-0.300333333333333,0.221196333333333,0.470315142572864,0.712993,0.844389128305191,0.822270636712755,1
0.908,-0.161,-0.311,0.145333333333333,0.441870333333333,0.664733279844881,0.947106,0.973193711447007,0.922163217657265,24.7695868265909,18.9068967939943,-0.714,-0.348,0.192,-0.29,0.207732,0.455776260900017,0.667764,0.817168281322764,0.794292137692424,1
0.91,-0.16,-0.311,0.146333333333333,0.443090333333333,0.665650308595537,0.950421,0.97489537900228,0.923958873543623,24.4946484714197,18.8682858179905,-0.714,-0.348,-0.168,-0.41,0.077412,0.278230120583664,0.659124,0.811864520717589,0.794292137692424,1
0.912,-0.16,-0.312,0.146666666666667,0.445077333333333,0.667141164472208,0.954688,0.977081368157228,0.925928722958738,24.2167834132925,18.8860873697093,-1.325,0.928,-0.168,-0.188333333333333,1.26931233333333,1.12663762289981,2.645033,1.62635574214254,1.61765540211752,1
0.923,-0.16,-0.312,0.150333333333333,0.453536333333333,0.673451062315098,0.974873,0.987356571862466,0.93676517868674,22.6313213551412,18.6767017321901,-1.355,0.939,-0.174,-0.196666666666667,1.31599433333333,1.14716796212819,2.748022,1.65771589845788,1.64855876449704,1
0.923,-0.152,-0.311,0.153333333333333,0.450610333333333,0.671275154711787,0.971754,0.985775836587609,0.935431985769142,22.6313213551412,18.6209734274295,-1.355,10.241,-22.239,-4.451,270.926512,16.4598454427738,601.287227,24.5211587613636,10.3302519814378,1
0.909,-0.129,-0.293,0.162333333333333,0.424857333333333,0.651810810997588,0.928771,0.96372765862561,0.918107836803499,24.6324773174015,17.8658041708253,-1.355,10.241,-22.239,-4.451,270.926512,16.4598454427738,601.287227,24.5211587613636,10.3302519814378,1
0.757,0.431,0.215,0.467666666666667,0.0744493333333333,0.27285405134125,0.805035,0.897237426771755,0.87109700952305,40.7995664484303,-15.8553868956134,-1.233,2.739,0.426,0.644,3.979839,1.994953382914,9.203886,3.03379069812009,3.00373267785267,1
0.754,0.431,0.215,0.466666666666667,0.0735843333333333,0.271264323738551,0.800502,0.894707773521612,0.868491220450731,41.06193146827,-15.9152824947014,-1.142,2.739,0.426,0.674333333333333,3.81179233333333,1.95238119570266,8.987761,2.99795947270806,2.96753854229393,1
0.741,0.431,0.106,0.426,0.100825,0.317529526186149,0.746078,0.863758067979686,0.857229257550161,42.1833299665174,-8.1409271753975,34.869,2.739,0.426,12.678,370.667853,19.2527362470897,1223.530758,34.9790045312899,34.9764103647015,1
0.741,0.39,0.073,0.401333333333333,0.111652333333333,0.334144180457079,0.70651,0.840541492134683,0.837365511589772,42.1833299665174,-5.62636847885021,34.869,1.165,0.317,12.117,388.419904,19.7083714192726,1217.304875,34.8898964601502,34.888456343037,1
0.741,-0.075,-0.005,0.220333333333333,0.204545333333333,0.452266882861584,0.554731,0.744802658427049,0.744785875268859,42.1833299665174,0.386605330404801,-8.649,3.619,0.317,-1.571,40.299364,6.34817800632591,88.002851,9.38098347722668,9.37562595243646,1
0.898,-0.075,-0.005,0.272666666666667,0.294506333333333,0.542684377270374,0.812054,0.901140388618777,0.901126517199444,26.103591118376,0.319015520226895,-8.649,1.165,1.035,-2.14966666666667,31.6852253333333,5.62896307798633,77.233651,8.78826780429454,8.72710868501132,1
0.93,-0.075,0.226,0.360333333333333,0.266040333333333,0.515790978336509,0.921601,0.960000520833192,0.933019292405039,21.5651850152427,-13.6587298566843,-65.503,1.165,1.035,-21.101,1478.657428,38.453314915622,4293.071459,65.5215343150632,65.5133592025321,1
0.93,0.082,0.226,0.412666666666667,0.205909333333333,0.453772336456657,0.9227,0.960572745813663,0.933608054806727,21.5651850152427,-13.6587298566843,-65.503,-1.936,0.063,-22.4586666666667,1390.60997433333,37.2908832603001,4294.395074,65.5316341471812,65.5316038640899,1
0.93,0.094,0.244,0.422666666666667,0.198665333333333,0.445718894970062,0.933272,0.966060039542057,0.934738466096266,21.5651850152427,-14.7010990584762,-65.503,-2.998,0.024,-22.8256666666667,1368.29920633333,36.9905286030537,4299.631589,65.5715760753087,65.5715716831616,1
1.061,0.131,0.244,0.478666666666667,0.257526333333333,0.5074705245956,1.202418,1.09654822055393,1.06905659345051,0,-12.9512258484291,-50.061,-46.644,-7.163,-34.6226666666667,568.443942333333,23.842062459723,4733.075026,68.7973475215433,68.4234349985442,1
1.066,0.131,0.339,0.512,0.241003,0.490920563838998,1.268438,1.12624952830179,1.07401908735367,0,-17.6412497526999,-50.061,-46.644,-7.163,-34.6226666666667,568.443942333333,23.842062459723,4733.075026,68.7973475215433,68.4234349985442,1
1.066,0.097,0.339,0.500666666666667,0.254342333333333,0.504323639475023,1.260686,1.12280274313879,1.07040412928949,0,-17.6412497526999,-45.85,-21.894,-5.24,-24.328,416.736292,20.4141199173513,2609.027336,51.0786387445868,50.8091501208198,1
0.973,0.089,0.035,0.365666666666667,0.277369333333333,0.526658649728012,0.955875,0.977688600731337,0.977061922295614,13.3444767140332,-2.06011102372312,-25.556,-4.808,0.003,-10.1203333333333,184.481284333333,13.5823887565234,676.226009,26.0043459637038,26.0043457906558,1
0.93,0.064,-0.054,0.313333333333333,0.288689333333333,0.537298179164357,0.871912,0.933762282382406,0.932199549452798,21.5651850152427,3.32312044513544,-25.556,-4.808,0.003,-10.1203333333333,184.481284333333,13.5823887565234,676.226009,26.0043459637038,26.0043457906558,1
0.835,0.064,-0.054,0.281666666666667,0.233114333333333,0.482819151788051,0.704237,0.839188298297825,0.837449102931038,33.3841618063483,3.70020309552846,-25.556,-3.838,0.149,-9.74833333333333,191.385786333333,13.8342251800863,667.861581,25.8430180319559,25.8425884926414,1
0.835,0.233,-0.012,0.352,0.189973,0.435858922129627,0.751658,0.866982122076344,0.866899071403355,33.3841618063483,0.823355719922457,-19.33,1.848,0.149,-5.77766666666667,138.470954333333,11.7673681991061,377.086205,19.4187076037516,19.4181359558532,1
0.957,0.233,-0.006,0.394666666666667,0.251444333333333,0.501442253238928,0.970174,0.984974111334912,0.984955836573397,16.8632195997888,0.359216481550477,-7.459,1.848,0.067,-1.848,24.405481,4.94019038094687,59.056274,7.68480800020404,7.68451592489729,1
0.957,0.168,0.048,0.391,0.243867,0.493828917743787,0.946377,0.972819099319087,0.971634190423536,16.8632195997888,-2.87136329037789,-7.459,8.135,0.067,0.247666666666666,60.8176893333333,7.79856969792111,121.819395,11.0371823850111,11.0369790250775,1
0.908,0.115,0.048,0.357,0.228823,0.478354471077673,0.839993,0.916511320170133,0.915253516791932,24.7695868265909,-3.02603508302544,-16.492,8.135,2.786,-1.857,167.790369,12.953392181201,345.926085,18.5990882841068,18.3892438398103,1
0.908,0.113,0.048,0.356333333333333,0.229308333333333,0.478861497025323,0.839537,0.916262516967708,0.915004371574257,24.7695868265909,-3.02603508302544,-17.499,8.135,2.786,-2.19266666666667,182.865830333333,13.5227892956052,380.155022,19.4975645145746,19.2974927386954,1
1.016,0.113,0.04,0.389666666666667,0.295552333333333,0.543647250828452,1.046625,1.02304691974513,1.02226464283961,0,-2.25457496593503,-17.499,0.262,2.786,-4.817,122.217487,11.0552018072942,314.045441,17.721327292277,17.5009612593137,1
1.016,0.031,0.038,0.361666666666667,0.321126333333333,0.566680097880041,1.034661,1.01718287441345,1.01647282305038,0,-2.14195397838047,-25.098,-1.008,8.492,-5.87133333333333,299.811033333333,17.3150522186141,703.039732,26.5148964169201,25.1182337754867,1
0.983,0.031,0.038,0.350666666666667,0.299896333333333,0.547627915042078,0.968694,0.984222535811897,0.983488688292855,10.5798440961225,-2.21379049236127,-27.6,-3.553,8.492,-7.55366666666667,337.662116333333,18.3755847888804,846.497873,29.0946364988463,27.8277524963839,1
0.961,0.031,0.034,0.342,0.287373,0.536071823546062,0.925638,0.962100826317076,0.961499869994791,16.0543080742742,-2.02626878149962,-27.6,-6.818,7.76,-8.886,315.789868,17.7704774274638,868.462724,29.4696916169817,28.4296521962545,1
0.961,0.044,0.034,0.346333333333333,0.283386333333333,0.532340429925563,0.926613,0.962607396605698,0.962006756733028,16.0543080742742,-2.02626878149962,-26.96,-6.818,6.57,-9.06933333333333,284.866601333333,16.877991626178,816.491624,28.5743175596549,27.8087526509191,1
0.973,0.046,0.058,0.359,0.282783,0.53177344800206,0.952209,0.975811969592503,0.974086751783433,13.3444767140332,-3.4113335462168,-25.037,-2.729,4.189,-7.859,233.277444,15.2734227990978,651.846531,25.5312853377968,25.1852895556116,1
1.008,0.072,0.058,0.379333333333333,0.296465333333333,0.544486302245826,1.024612,1.01223119888689,1.01056815702851,0,-3.29314983049948,-18.232,1.055,3.243,-4.64466666666667,139.658556333333,11.8177221296379,344.035898,18.5482047109687,18.2624984325804,1
1.008,0.078,0.053,0.379666666666667,0.296258333333333,0.544296181626634,1.024957,1.01240160015678,1.01101335302755,0,-3.00980412592449,-12.769,1.055,3.243,-2.82366666666667,75.3790773333333,8.68211249255233,174.677435,13.2165591210421,12.8125089658505,1
0.989,0.078,0.032,0.366333333333333,0.291314333333333,0.539735429014377,0.985229,0.992587023892616,0.992071066002834,8.50614695347707,-1.85321084394878,-8.832,-1.264,2.847,-2.41633333333333,35.0956643333333,5.92415937777955,87.707329,9.36521911115805,8.92199080923086,1
0.982,0.076,0.029,0.362333333333333,0.288542333333333,0.537161366195795,0.970941,0.985363384746967,0.984936546179499,10.887482877261,-1.69154259712416,-5.841,-1.325,2.419,-1.58233333333333,17.1065653333333,4.13600838168074,41.724467,6.45944788662313,5.98939946906199,1
0.982,0.073,0.02,0.358333333333333,0.292422333333333,0.540760883693831,0.970053,0.984912686485457,0.984709601862397,10.887482877261,-1.16675884764317,-4.071,-3.827,1.962,-1.97866666666667,11.6615243333333,3.41489741183148,35.068414,5.92185899865912,5.58739384686635,1
0.983,0.064,0.019,0.355333333333333,0.295980333333333,0.544040746023065,0.970746,0.985264431510648,0.985081214925957,10.5798440961225,-1.10730851858278,-1.569,-3.827,0.039,-1.78566666666667,3.77169733333333,1.94208582028018,17.109211,4.13632820264543,4.13614433984115,1
0.993,0.047,0.012,0.350666666666667,0.309750333333333,0.55655218383664,0.988402,0.994184087581369,0.994111663748092,6.78328890623336,-0.692362424763495,3.497,-2.332,-0.053,0.370666666666667,8.62893033333333,2.93750409928792,17.670042,4.20357490714749,4.20324077349847,1
1.002,0.026,-0.009,0.339666666666667,0.329320333333333,0.573864385838094,1.004761,1.00237767333476,1.00233726858777,0,0.514618911117179,4.748,-2.332,-0.663,0.584333333333333,13.6984803333333,3.70114581357359,28.421297,5.3311628187479,5.28977579865158,1
1.002,0.025,-0.009,0.339333333333333,0.329634333333333,0.57413790445618,1.00471,1.00235223349878,1.00231182772628,0,0.514618911117179,4.748,-3.187,-0.663,0.299333333333333,16.4356203333333,4.05408686800534,33.140042,5.75673883374954,5.71843273983353,1
0.983,0.013,-0.009,0.329,0.320908,0.566487422631783,0.966539,0.983127153525931,0.983085957584585,10.5798440961225,0.524565216418671,4.382,-4.041,0.161,0.167333333333333,17.7367623333333,4.21150357156839,35.557526,5.96301316449997,5.96083928654346,1
0.983,0.013,0.003,0.333,0.3169,0.562938717801503,0.966467,0.98309053499665,0.983085957584585,10.5798440961225,-0.174859414944326,2.368,-4.041,0.771,-0.300666666666667,11.1301723333333,3.33619129147795,22.531546,4.74674056590414,4.68370633152848,1
0.982,0.025,0.028,0.345,0.304329,0.551660221513206,0.965733,0.982717151575162,0.982318176559917,10.887482877261,-1.63324569796601,0.018,0.079,0.771,0.289333333333333,0.174932333333333,0.418249128311505,0.601006,0.775245767482803,0.0810246875958186,1
0.982,0.025,0.028,0.345,0.304329,0.551660221513206,0.965733,0.982717151575162,0.982318176559917,10.887482877261,-1.63324569796601,0.018,1.116,0.863,0.665666666666667,0.330606333333333,0.574983767886828,1.990549,1.41086817243852,1.11614515185078,1
0.982,0.018,0.028,0.342666666666667,0.306585333333333,0.553701483954426,0.965432,0.98256399282693,0.982164955595546,10.887482877261,-1.63324569796601,0.262,1.452,1.199,0.971,0.393013,0.626907489187998,3.614549,1.90119672837926,1.47544840641752,1
0.978,0.016,0.022,0.338666666666667,0.306569333333333,0.553687035547459,0.957224,0.978378249962661,0.978130870589412,12.0406077411656,-1.28864478516243,0.689,1.452,1.199,1.11333333333333,0.151046333333333,0.388646797662522,4.020626,2.00514986971049,1.60717920593816,1
0.975,0.01,0.002,0.329,0.313003,0.55946671035907,0.950729,0.975053331874724,0.975051280702713,12.8385681409841,-0.117529639284156,0.689,-0.715,-0.083,-0.0363333333333333,0.494437333333333,0.703162380487845,0.992835,0.996411059753955,0.992948135604272,1
0.975,0.01,0.002,0.329,0.313003,0.55946671035907,0.950729,0.975053331874724,0.975051280702713,12.8385681409841,-0.117529639284156,-0.714,-1.386,-0.388,-0.829333333333333,0.258977333333333,0.508898156150456,2.581336,1.60665366523094,1.55909974023473,1
0.99,0.023,0.002,0.338333333333333,0.318612333333333,0.56445755671559,0.980633,0.990269155331014,0.990267135676026,8.10961445599418,-0.115748892056132,-4.132,-1.386,-0.388,-1.96866666666667,3.75900933333333,1.93881647747623,19.144964,4.37549585761431,4.35825882664167,1
0.99,0.03,-0.009,0.337,0.320187,0.565850687019111,0.981081,0.990495330630084,0.990454441153151,8.10961445599418,0.520856374501959,-4.132,-2.637,-0.083,-2.284,4.192057,2.04745134252319,24.034082,4.90245673106862,4.90175407379848,1
0.986,0.03,-0.013,0.334333333333333,0.318964333333333,0.564769274423931,0.973265,0.986541940314754,0.986456283876787,9.59863838343998,0.755377260194531,-3.614,-2.637,0.161,-2.03,3.838993,1.95933483611148,20.040686,4.47668247701353,4.47378642762481,1
0.986,0.032,-0.013,0.335,0.318357,0.564231335535346,0.973389,0.986604784095435,0.986519133114001,9.59863838343998,0.755377260194531,-2.851,-2.637,0.253,-1.745,3.005452,1.73362394999608,15.145979,3.89178352429834,3.88355120991085,1
0.986,0.032,-0.003,0.338333333333333,0.314910333333333,0.561168720914961,0.973229,0.986523694596334,0.986519133114001,9.59863838343998,0.174327391615285,-2.851,-2.607,0.955,-1.501,4.538836,2.13045441162208,15.836675,3.9795320076612,3.8632434559577,1
0.989,0.032,0.006,0.342333333333333,0.313802333333333,0.560180625631888,0.979181,0.989535749733177,0.989517559217622,8.50614695347707,-0.347593993528046,-2.393,-2.149,1.412,-1.04333333333333,4.53638033333333,2.12987800902618,12.338394,3.51260501622371,3.21630999749713,1
0.993,0.032,0.013,0.346,0.314047,0.560398965024026,0.987242,0.993600523349298,0.993515475470815,6.78328890623336,-0.750052955463867,-2.393,-2.118,1.626,-0.961666666666667,5.04092033333333,2.24519939723253,12.856249,3.58556118341327,3.19568036574373,1
0.993,0.025,0.013,0.343666666666667,0.316261333333333,0.562371170432245,0.986843,0.993399718139682,0.993314653068201,6.78328890623336,-0.750052955463867,-1.66,-1.508,1.992,-0.392,4.268368,2.06600290416059,8.997728,2.99962130943224,2.24269124045197,1
0.978,0.024,0.013,0.338333333333333,0.306910333333333,0.553994885656297,0.957229,0.978380805208279,0.978294434206799,12.0406077411656,-0.761555490516524,-1.66,-1.294,2.023,-0.310333333333333,4.11682233333333,2.02899540002764,8.522565,2.91934324806111,2.10476507002563,1
0.973,0.024,0.009,0.335333333333333,0.305020333333333,0.552286459487586,0.947386,0.973337557068461,0.97329594677056,13.3444767140332,-0.529956125466867,-1.66,0.262,2.023,0.208333333333333,3.39328233333333,1.84208640767292,6.916773,2.62997585540248,1.68054871991264,1
0.973,0.034,0.009,0.338666666666667,0.301940333333333,0.549490976571348,0.947966,0.973635455393855,0.973593857827791,13.3444767140332,-0.529956125466867,-2.484,2.642,0.894,0.350666666666667,6.79037733333333,2.60583524677469,13.949656,3.73492382787119,3.62635078281183,1
0.977,0.036,0.015,0.342666666666667,0.301894333333333,0.549449118056744,0.95605,0.977778093434292,0.977663029882996,12.3122515058189,-0.879599973298317,-2.484,4.199,0.405,0.706666666666667,11.2338743333333,3.3516972317519,23.965882,4.89549609334948,4.87871468729214,1
0.987,0.043,0.019,0.349666666666667,0.304789333333333,0.552077289275092,0.976379,0.988118919968644,0.987936232759989,9.24870479102892,-1.10282205661038,-2.088,4.199,0.009,0.706666666666667,10.2466463333333,3.20103832112853,21.991426,4.6895016792832,4.68949304296317,1
0.992,0.044,0.019,0.351666666666667,0.307676333333333,0.554685796945742,0.986361,0.993157087272703,0.992975326984513,7.25224686505943,-1.09726484013335,-1.05,3.955,-0.693,0.737333333333333,7.79689633333333,2.79229230800311,17.224774,4.1502739668605,4.09200745356115,1
0.997,0.044,0.019,0.353333333333333,0.310886333333333,0.55757181899136,0.996306,0.998151291137771,0.997970440444004,4.43922227484288,-1.09176334270109,0.11,1.239,-0.693,0.218666666666667,0.942012333333333,0.970573198338659,2.02747,1.42389255212604,1.24387338583957,1
0.997,0.039,0.001,0.345666666666667,0.318537333333333,0.564391117340921,0.995531,0.997762997910827,0.997762496789692,4.43922227484288,-0.0574681647937728,0.11,-0.196,-0.327,-0.137666666666667,0.0502943333333333,0.224263981355307,0.157445,0.396793397122482,0.224757647255883,1
0.987,0.024,0.001,0.337333333333333,0.316682333333333,0.562745353897598,0.974746,0.987292256629211,0.987291750193427,9.24870479102892,-0.0580504153070762,-0.775,-0.196,-0.053,-0.341333333333333,0.146162333333333,0.382311827352141,0.64185,0.801155415634195,0.799400400300125,1
0.986,0.024,0.001,0.337,0.316033,0.562168124318695,0.972773,0.986292552947654,0.986292045998547,9.59863838343998,-0.0581092899272792,-2.088,-0.104,-0.053,-0.748333333333333,1.34668033333333,1.16046556749148,4.373369,2.0912601464189,2.09058843391041,1
0.985,0.024,0.006,0.338333333333333,0.313714333333333,0.560102074030559,0.970837,0.985310610924291,0.98529234240402,9.93636707214072,-0.349005507895241,-2.088,-0.074,-0.327,-0.829666666666667,1.20355433333333,1.09706623926422,4.472149,2.1147456111788,2.08931089117919,1
0.985,0.035,0.007,0.342333333333333,0.309961333333333,0.556741711508428,0.971499,0.985646488351681,0.985621631256133,9.93636707214072,-0.407171274053053,-2.088,-0.074,-0.327,-0.829666666666667,1.20355433333333,1.09706623926422,4.472149,2.1147456111788,2.08931089117919,1
0.993,0.036,0.007,0.345333333333333,0.314814333333333,0.561083178622683,0.987394,0.993677009898085,0.993652353693182,6.78328890623336,-0.403891050643215,-1.874,-1.05,-0.083,-1.00233333333333,0.803624333333333,0.89645096538145,4.621265,2.14971277151158,2.14810986683642,1
0.993,0.038,0.007,0.346,0.314197,0.560532782270582,0.987542,0.993751477986322,0.99372682362911,6.78328890623336,-0.403891050643215,-1.599,-1.6,0.588,-0.870333333333333,1.59505233333333,1.26295381282663,5.462545,2.33720880539159,2.26203470353573,1
0.979,0.036,0.007,0.340666666666667,0.305812333333333,0.553003013855561,0.959786,0.979686684608911,0.979661676294424,11.7627870854941,-0.409666620973954,-1.538,-1.905,0.985,-0.819333333333333,2.47538633333333,1.57333605225754,6.964694,2.63907066976237,2.44836047182599,1
0.979,0.038,0.005,0.340666666666667,0.305874333333333,0.553059068575259,0.95991,0.979749968104108,0.979737209663898,11.7627870854941,-0.292621457368116,-1.477,-1.905,1.229,-0.717666666666667,2.88792933333333,1.69939087126339,7.320995,2.70573372673661,2.41050907486365,1
0.982,0.036,0.005,0.341,0.308401,0.555338635428871,0.965645,0.982672376736011,0.982659656239127,10.887482877261,-0.291727517269504,-0.867,-0.715,1.229,-0.117666666666667,1.36590933333333,1.16872123850529,2.773355,1.66533930476645,1.1237944651937,1
0.982,0.034,0.023,0.346333333333333,0.303084333333333,0.550530955835667,0.966009,0.982857568521503,0.982588418413325,10.887482877261,-1.34171287034155,-0.165,0.567,0.955,0.452333333333333,0.323461333333333,0.568736611564029,1.260739,1.12282634454309,0.590520109733784,1
0.985,0.034,0.023,0.347333333333333,0.304994333333333,0.552262920476591,0.97191,0.985854958906228,0.985586627344345,9.93636707214072,-1.33762792214496,0.323,0.811,0.924,0.686,0.102019,0.319404132722168,1.615826,1.27115144652398,0.872954752550211,1
0.986,0.029,0.013,0.342666666666667,0.310472333333333,0.557200442689463,0.973206,0.986512037432894,0.986426378398307,9.59863838343998,-0.755377260194531,0.323,0.811,0.466,0.533333333333333,0.0629363333333333,0.250871148865973,0.979206,0.989548381838907,0.872954752550211,1
0.986,0.027,0.013,0.342,0.311101,0.557764287132118,0.973094,0.986455270146599,0.986369606182186,9.59863838343998,-0.755377260194531,-0.104,-0.44,0.466,-0.026,0.209772,0.458008733541185,0.421572,0.649285761433284,0.452123876830233,1
0.985,0.024,0.013,0.340666666666667,0.311404333333333,0.558036139809362,0.97097,0.985378100020495,0.98529234240402,9.93636707214072,-0.756144051666887,-0.653,-0.44,0.619,-0.158,0.464139,0.681277476510122,1.00317,1.0015837458745,0.787406502386156,1
0.985,0.024,0.014,0.341,0.311077,0.557742772252586,0.970997,0.985391800250032,0.98529234240402,9.93636707214072,-0.814301426292416,-2.027,-0.074,0.619,-0.494,1.882629,1.37208928280925,4.497366,2.12069941292961,2.02835031491111,1
0.986,0.026,0.015,0.342333333333333,0.310760333333333,0.557458817611968,0.973097,0.98645679074149,0.986342739619449,9.59863838343998,-0.87157241451431,-3.186,0.201,0.771,-0.738,4.575753,2.13910097938363,10.785438,3.28411905996113,3.19233409905668,1
0.987,0.026,0.015,0.342666666666667,0.311404333333333,0.558036139809362,0.97507,0.987456328148238,0.987342392486011,9.24870479102892,-0.870689498434368,-3.186,0.201,0.771,-0.738,4.575753,2.13910097938363,10.785438,3.28411905996113,3.19233409905668,1
0.987,0.037,0.015,0.346333333333333,0.307961333333333,0.554942639678493,0.975763,0.987807167416799,0.987693272225745,9.24870479102892,-0.870689498434368,-2.912,0.14,0.741,-0.677,3.836719,1.95875445117554,9.048425,3.00806000605041,2.91536344218007,1
0.987,0.038,0.015,0.346666666666667,0.307652333333333,0.554664162654604,0.975838,0.987845129562322,0.987731238748679,9.24870479102892,-0.870689498434368,-2.668,0.14,0.741,-0.595666666666667,3.31122433333333,1.81967698598771,7.686905,2.77252682583956,2.67167063838341,1
0.984,0.041,0.01,0.345,0.306481,0.553607261513069,0.970037,0.984904563904544,0.984853796256074,10.2630958986226,-0.582254137823022,-2.362,-0.043,0.741,-0.554666666666667,2.60350433333333,1.61353783139204,6.129974,2.47587842997188,2.36239137316407,1
0.983,0.041,0.017,0.347,0.303516,0.550922862114108,0.968259,0.984001524389063,0.983854664063753,10.5798440961225,-0.990774327825897,-1.874,-0.043,0.68,-0.412333333333333,1.73303433333333,1.31644761890982,3.976125,1.99402231682597,1.87449326485853,1
0.983,0.027,0.018,0.342666666666667,0.307540333333333,0.554563191469947,0.967342,0.983535459452276,0.983370733752027,10.5798440961225,-1.04904250823733,-1.355,0.994,0.649,0.096,1.608807,1.2683875590686,3.245262,1.80146107368436,1.68049427252817,1
0.983,0.027,0.019,0.343,0.307216,0.554270691990836,0.967379,0.983554268965368,0.983370733752027,10.5798440961225,-1.10730851858278,-1.355,0.994,0.283,-0.026,1.451061,1.20459993358791,2.90415,1.70415668293734,1.68049427252817,1
0.985,0.027,0.019,0.343666666666667,0.308497333333333,0.555425362522574,0.971315,0.985553144178435,0.985369981276069,9.93636707214072,-1.10506073450696,-1.355,0.384,-0.236,-0.402333333333333,0.776780333333333,0.8813514244235,2.039177,1.4279975490175,1.40836110426268,1
0.985,0.029,0.017,0.343666666666667,0.308517333333333,0.555443366450022,0.971355,0.985573437142053,0.985426811082386,9.93636707214072,-0.988763003092436,-0.959,-0.47,-0.236,-0.555,0.136101,0.368918690228619,1.196277,1.09374448570039,1.06797986872413,1
0.986,0.034,0.016,0.345333333333333,0.307921333333333,0.554906598747333,0.973608,0.986715764544177,0.98658603274119,9.59863838343998,-0.929667362911635,-0.959,-0.562,-0.144,-0.555,0.166093,0.407545089529981,1.256261,1.12083049565936,1.11154172211393,1
0.998,0.034,0.016,0.349333333333333,0.315657333333333,0.561833901908147,0.997416,0.998707164287911,0.99857899036581,3.62430749400795,-0.918490924478232,-0.989,-1.783,0.588,-0.728,1.456501,1.20685583231801,4.502954,2.1220164938096,2.03892373569979,1
0.998,0.031,0.013,0.347333333333333,0.317606333333333,0.563565731155944,0.997134,0.998565971781534,0.998481346846299,3.62430749400795,-0.746295601208385,-0.989,-2.637,0.619,-1.00233333333333,2.65051733333333,1.62804094952594,8.315051,2.88358301423767,2.81636112741246,1
0.995,0.021,0.013,0.343,0.318844,0.564662731194472,0.990635,0.995306485460634,0.995221583367242,5.73196796519773,-0.748545483052304,-0.989,-3.614,1.107,-1.16533333333333,5.59528033333333,2.36543449144831,15.264566,3.90698937802498,3.74688096955321,1
0.987,0.021,0.013,0.340333333333333,0.313649333333333,0.560044045886869,0.974779,0.987308968864357,0.987223378977625,9.24870479102892,-0.754612022234508,-1.172,-3.614,1.382,-1.13466666666667,6.24104933333333,2.49820922529186,16.344504,4.04283365969959,3.79928677517241,1
0.983,0.021,0.016,0.34,0.310093,0.556859946485649,0.966986,0.98335446304982,0.983224287739069,10.5798440961225,-0.932504097759278,-2.149,-1.63,1.382,-0.799,3.634911,1.90654425597729,9.185025,3.03068061662723,2.6972395147632,1
0.983,0.035,0.016,0.344666666666667,0.305692333333333,0.552894504705313,0.96777,0.983753017784444,0.983622895219504,10.5798440961225,-0.932504097759278,-2.698,-0.226,1.046,-0.626,3.624384,1.90378150006769,8.424396,2.9024810076898,2.70744898382223,1
0.985,0.039,0.016,0.346666666666667,0.305734333333333,0.552932485330111,0.972002,0.98590161780981,0.985771778861619,9.93636707214072,-0.93061102174491,-2.698,0.994,0.771,-0.311,4.285759,2.0702074775249,8.861681,2.97685757133256,2.87528085584696,1
0.99,0.039,0.014,0.347666666666667,0.309600333333333,0.556417409265143,0.981817,0.990866792258172,0.99076788401724,8.10961445599418,-0.810189342417535,-1.691,0.994,0.71,0.0043333333333333,2.17578033333333,1.4750526544274,4.351617,2.08605297152301,1.96150885799682,1
0.993,0.026,0.012,0.343666666666667,0.316274333333333,0.562382728516207,0.986869,0.993412804427243,0.993340324360186,6.78328890623336,-0.692362424763495,-0.714,0.537,0.649,0.157333333333333,0.572552333333333,0.756671879570883,1.219366,1.10424906610782,0.893400805909643,1
0.993,0.026,0.012,0.343666666666667,0.316274333333333,0.562382728516207,0.986869,0.993412804427243,0.993340324360186,6.78328890623336,-0.692362424763495,-0.714,-0.074,0.649,-0.0463333333333333,0.465016333333333,0.681921060925188,0.936473,0.967715350710114,0.717824491083997,1
0.988,0.026,0.018,0.344,0.311068,0.557734703958791,0.977144,0.988505943330641,0.988342046054907,8.88512427022808,-1.04373476606065,-0.806,-0.074,0.649,-0.077,0.529263,0.727504639160466,1.076313,1.03745505926763,0.809389893685361,1
0.988,0.028,0.02,0.345333333333333,0.309781333333333,0.556580033178817,0.977328,0.988599008698674,0.988396681499893,8.88512427022808,-1.15967520848357,-0.806,-0.196,0.833,-0.0563333333333333,0.686210333333333,0.828378134268,1.381941,1.17555986661675,0.829488999324283,1
0.988,0.028,0.02,0.345333333333333,0.309781333333333,0.556580033178817,0.977328,0.988599008698674,0.988396681499893,8.88512427022808,-1.15967520848357,-0.806,-0.196,0.833,-0.0563333333333333,0.686210333333333,0.828378134268,1.381941,1.17555986661675,0.829488999324283,1
0.988,0.028,0.02,0.345333333333333,0.309781333333333,0.556580033178817,0.977328,0.988599008698674,0.988396681499893,8.88512427022808,-1.15967520848357,-0.806,-0.196,0.833,-0.0563333333333333,0.686210333333333,0.828378134268,1.381941,1.17555986661675,0.829488999324283,1
