0.88,0.431,0.124,0.478333333333333,0.144564333333333,0.380216166585974,0.975537,0.98769276599558,0.979878053637288,28.357636576328,-8.02068979552839,1.086,0.811,0.889,0.928666666666667,0.0200863333333333,0.141726261974742,2.627438,1.62093738312126,1.35540289213208,1
0.88,0.432,0.124,0.478666666666667,0.144517333333333,0.380154354615771,0.9764,0.98812954616285,0.980318315650585,28.357636576328,-8.02068979552839,1.086,0.811,0.889,0.928666666666667,0.0200863333333333,0.141726261974742,2.627438,1.62093738312126,1.35540289213208,1
0.879,0.432,0.124,0.478333333333333,0.144116333333333,0.379626570900053,0.974641,0.987239079453402,0.979420747176616,28.4780316848426,-8.02969564243484,0.689,0.201,0.283,0.391,0.068284,0.261312073965211,0.595211,0.7714991898894,0.717720001114641,1
0.878,0.434,0.127,0.479666666666667,0.142564333333333,0.377576923729898,0.975369,0.987607715644223,0.979407984447748,28.5979622215735,-8.23057309043058,-3.064,0.048,-1.06,-1.35866666666667,2.48803733333333,1.57735136647905,10.514,3.24252987650075,3.06437595604717,1
0.878,0.435,0.127,0.48,0.142519,0.377516887039507,0.976238,0.988047569705022,0.979851519364031,28.5979622215735,-8.23057309043058,-3.064,-0.013,-1.06,-1.379,2.403471,1.55031319416433,10.511865,3.24220064153963,3.06402757820487,1
0.887,0.435,0.127,0.483,0.146128,0.382266922450792,0.992123,0.996053713411079,0.987924086152372,27.5013441976582,-8.14818814254301,-2.393,-0.013,0.453,-0.651,2.330212,1.52650319357674,5.931827,2.43553423297641,2.39303531106417,1
0.897,0.435,0.09,0.474,0.163953,0.404911101354359,1.001934,1.00096653290707,0.996912232847004,26.2335096359576,-5.7295652492278,0.293,-0.013,0.588,0.289333333333333,0.0903103333333333,0.300516777124561,0.431762,0.65708599132838,0.293288254111889,1
0.911,0.428,0.089,0.476,0.170649,0.413096840946527,1.021026,1.01045831185656,1.00653117189683,24.3560880361822,-5.57979530299279,1.3,-0.013,1.26,0.849,0.557683,0.746781761962623,3.277769,1.81046099101859,1.30006499837508,1
0.919,0.413,0.089,0.473666666666667,0.174985333333333,0.418312482880123,1.023051,1.01145983607853,1.00753659983149,23.2196761572292,-5.531525113363,1.391,-4.712,13.223,3.30066666666667,83.1511763333333,9.11872668377188,198.985554,14.1062239454788,4.91302605325883,1
0.919,0.397,0.091,0.469,0.175284,0.418669320586068,1.010451,1.00521191795561,1.00108441202528,23.2196761572292,-5.65503211455154,2.032,-4.865,15.023,4.06333333333333,101.977872333333,10.0984093962036,253.487778,15.9212995072638,5.2723096456866,1
0.918,0.397,0.091,0.468666666666667,0.174834333333333,0.418131956842972,1.008614,1.00429776460968,1.00016648614118,23.3645749994502,-5.66115228728529,2.368,-5.262,16.458,4.52133333333333,121.417233333333,11.0189488306886,304.161832,17.4402360075774,5.77027451686659,1
0.916,0.397,0.09,0.467666666666667,0.174314333333333,0.417509680526492,1.004765,1.0023796685887,0.998331107398743,23.6518581754495,-5.61148702312842,2.459,-6.421,17.678,4.572,148.539027,12.1876587989655,359.787606,18.968068061877,6.87574883194551,1
0.915,0.379,0.09,0.461333333333333,0.175240333333333,0.418617167986853,0.988966,0.994467696810711,0.990386793126807,23.7942729505366,-5.61758059012683,4.565,-6.635,21.462,6.464,200.065003,14.1444336401285,525.479894,22.9233482283893,8.05372274168909,1
0.915,0.37,0.09,0.458333333333333,0.176008333333333,0.41953347105247,0.982225,0.991072651221897,0.986977709981335,23.7942729505366,-5.61758059012683,4.565,-6.971,22.5,6.698,220.547227,14.8508325355853,575.684066,23.9934171388737,8.33271060339911,1
0.908,0.351,0.093,0.450666666666667,0.173506333333333,0.416540914356961,0.956314,0.977913084072404,0.973480867814052,24.7695868265909,-5.84800780363539,4.321,-7.062,22.5,6.58633333333333,222.326762333333,14.9106258196406,574.792885,23.9748385813127,8.27906305085304,1
0.908,0.337,0.093,0.446,0.174967,0.41829056886332,0.946682,0.972975847593351,0.968521037458661,24.7695868265909,-5.84800780363539,3.314,-7.245,21.584,5.88433333333333,212.732770333333,14.5853615084897,529.341677,23.0074265618735,7.96697062878984,1
0.93,0.285,0.093,0.436,0.192243,0.438455242869783,0.954774,0.977125375783476,0.972689570212409,21.5651850152427,-5.71059313749964,-9.778,-7.245,0.388,-5.545,28.004389,5.29191732739656,148.249853,12.1757896253179,12.1696059508926,1
0.93,0.276,0.092,0.432666666666667,0.193969333333333,0.440419496995005,0.94954,0.974443430887602,0.970090717407398,21.5651850152427,-5.64958828458042,-9.778,-5.536,0.261,-5.01766666666667,25.3968823333333,5.03953195578055,126.324701,11.2394261864207,11.236395329464,1
0.766,0.182,0.092,0.346666666666667,0.133905333333333,0.365930776695994,0.628344,0.792681524951856,0.787324583637524,40.003961336851,-6.84867228829352,10.302,-0.345,0.261,3.406,35.757921,5.97979272216019,106.31835,10.3110789930055,10.3077751721698,1
0.766,0.182,0.105,0.351,0.130651,0.361456774732471,0.630905,0.794295285142748,0.787324583637524,40.003961336851,-7.80521665290852,13.049,3.846,0.261,5.71866666666667,43.5133963333333,6.59646847436818,185.136238,13.6064777955208,13.6039743090025,1
1.001,0.362,0.105,0.489333333333333,0.212864333333333,0.46137222861084,1.14407,1.06961207921377,1.06444586522754,0,-5.98814837577551,13.049,7.067,0.114,6.74333333333333,41.9071263333333,6.47357137392748,220.231886,14.8402117909415,14.8397739201108,1
1.001,0.362,0.105,0.489333333333333,0.212864333333333,0.46137222861084,1.14407,1.06961207921377,1.06444586522754,0,-5.98814837577551,7.769,7.067,-6.583,2.751,65.465868,8.09109807133741,153.635739,12.3949884630846,10.5023735412525,1
1.001,0.222,-0.011,0.404,0.280879,0.529980188308959,1.051406,1.02538090483488,1.02532190067315,0,0.629598608410267,-34.192,7.067,-6.583,-11.236,441.814077,21.0193738489043,1262.371242,35.5298640864274,34.9146867807804,1
1.139,0.222,-0.011,0.45,0.369613,0.607958057763856,1.346726,1.16048524333574,1.16043310880033,0,0.55332219608399,-44.721,-9.321,4.647,-16.465,647.577408,25.4475422781847,2108.443491,45.917790571847,45.6820411321561,1
1.269,0.494,-0.011,0.584,0.415675,0.644728625081902,1.854518,1.36180688792501,1.36176246093069,0,0.496641284423798,-44.721,-11.03,4.647,-17.0346666666667,636.341872333333,25.225817575122,2143.22335,46.2949603088716,46.0611413341007,1
1.475,0.494,-0.436,0.511,0.913197,0.955613415560916,2.609757,1.61547423377781,1.55552595606759,0,16.4673221186496,13.72,-27.723,-24.68,-12.8943333333333,533.557016333333,23.0988531389187,1565.905529,39.5715242188117,30.9322344650366,1
1.475,0.339,-0.436,0.459333333333333,0.923840333333333,0.961166132015342,2.480642,1.57500539681615,1.51345498776805,0,16.4673221186496,13.72,-55.921,-24.68,-22.2936666666667,1216.73816033333,34.881774042232,3924.499041,62.6458222150528,57.5794810761612,1
1.475,0.339,-0.021,0.597666666666667,0.609685333333333,0.780823496914209,2.290987,1.51360067388991,1.51345498776805,0,0.815681411884298,-2.729,-55.921,-30.936,-29.862,708.212323,26.612258885709,4091.641778,63.9659423287111,55.987549348047,1
1.25,1.089,0.016,0.785,0.450001,0.670821138605515,2.748677,1.65791344768055,1.65783624040494,0,-0.733345929051463,-2.729,-55.921,-32.249,-30.2996666666667,710.197141333333,26.6495242233953,4174.603683,64.6111730507967,55.987549348047,1
1.018,1.089,0.016,0.707666666666667,0.360062333333333,0.600051942196118,2.222501,1.49080548697676,1.49071962487921,0,-0.900448917001326,65.539,11.523,-32.249,14.9376666666667,2399.36819733333,48.9833461222621,5468.138051,73.9468596425839,66.5442713537386,1
0.33,0.68,0.006,0.338666666666667,0.113625333333333,0.337083570251256,0.571336,0.755867713293801,0.755843899227876,70.7312245085162,-1.04162667600997,65.539,11.523,0.405,25.8223333333333,1213.96268933333,34.8419673573886,4428.304075,66.5455037925178,66.5442713537386,1
0.33,0.333,-0.015,0.216,0.040023,0.200057491736751,0.220014,0.469056499795067,0.468816595269408,70.7312245085162,2.60256220249981,41.125,-11.426,42.367,24.022,942.806169,30.7051489004694,3616.78179,60.1396856493281,42.6827728832137,1
0.487,0.016,-0.015,0.162666666666667,0.0791343333333333,0.28130825322648,0.23765,0.487493589701444,0.487262762788211,60.8564097328752,1.76419931715883,-4.834,-11.426,42.367,8.70233333333333,860.845952333333,29.3401764196014,1948.883721,44.146163151513,12.4064915266162,1
0.721,0.016,-0.015,0.240666666666667,0.173280333333333,0.41626954408572,0.520322,0.721333487369053,0.72117750935536,43.8628958798206,1.19183457664075,-4.834,53.79,28.695,25.8836666666667,865.121040333333,29.4129400151249,3740.134681,61.1566405306897,54.0067741676912,1
0.721,0.329,-0.015,0.345,0.135616,0.368260777167485,0.628307,0.792658186105461,0.792516245890266,43.8628958798206,1.19183457664075,-0.104,53.79,0.024,17.9033333333333,965.893729333333,31.0788308874921,2893.375492,53.7901058931845,53.7901005390397,1
1.212,0.333,-0.02,0.508333333333333,0.402512333333333,0.634438596976361,1.580233,1.25707318800458,1.25691407820901,0,0.94538910446444,-0.104,53.79,0.024,17.9033333333333,965.893729333333,31.0788308874921,2893.375492,53.7901058931845,53.7901005390397,1
1.212,1.083,0.005,0.766666666666667,0.439262333333333,0.66276868765304,2.641858,1.62537934033874,1.62537164980813,0,-0.236367386455847,24.707,76.525,0.024,33.752,1524.459769,39.0443308176744,6466.51205,80.4146258462974,80.4146222648593,1
1.315,1.083,0.005,0.801,0.488668,0.69904792396516,2.902139,1.70356655285316,1.70355921529015,0,-0.217853625097162,24.707,76.19,36.752,45.883,725.156193,26.9287243106687,7766.061453,88.1252600166377,80.0958922105248,1
1.315,0.347,0.005,0.555666666666667,0.461681333333333,0.679471363144418,1.849659,1.36002169100349,1.36001249994256,0,-0.217853625097162,29.895,76.19,36.752,47.6123333333333,624.266886333333,24.9853334244979,8049.336629,89.7180953264167,81.8451411202889,1
1.08,0.207,0.19,0.492333333333333,0.259086333333333,0.509005239003818,1.245349,1.11595205990222,1.09965858337941,0,-9.97771262015057,29.895,76.19,11.636,39.2403333333333,1107.30617033333,33.2762102760115,6834.023621,82.6681536082668,81.8451411202889,1
0.867,0.207,0.19,0.421333333333333,0.149036333333333,0.386052241715203,0.830638,0.911393438642171,0.891368610620769,29.8881302675233,-12.3607648440059,29.895,69.723,0.307,33.3083333333333,1213.38339733333,34.8336532297911,5755.102003,75.8623885927671,75.8617674062502,1
0.787,0.207,0.094,0.362666666666667,0.138236333333333,0.37180147032164,0.671054,0.819178857149036,0.813767780143697,38.0939659628085,-6.81119283885636,15.002,69.723,0.307,28.344,1338.151987,36.5807597925467,5086.450982,71.3193590969521,71.3186983406175,1
0.787,0.24,0.094,0.373666666666667,0.133462333333333,0.365324969490635,0.685805,0.828133443353183,0.822781258901781,38.0939659628085,-6.81119283885636,7.434,116.997,0.297,41.576,4278.979623,65.4139100115564,13743.650574,117.233316825892,117.232940613976,1
0.929,0.275,0.094,0.432666666666667,0.192950333333333,0.439261122037147,0.947502,0.973397144027041,0.96884776925996,21.7205339752639,-5.77775567863061,1.391,116.997,0.297,39.5616666666667,4497.47234533333,67.0631966531072,13690.321099,117.005645586014,117.005268642057,1
0.945,0.268,0.087,0.433333333333333,0.204542333333333,0.452263566223649,0.972418,0.986112569638984,0.982267275236226,19.0910525128604,-5.26002221567099,0.781,-153.945,0.288,-50.9586666666667,7954.69940233333,89.1891215470437,23699.75593,153.947250478857,153.946981087646,1
0.945,0.275,0.086,0.435333333333333,0.203750333333333,0.451387121364061,0.976046,0.987950403613461,0.98420018288964,19.0910525128604,-5.19989554062663,0.781,-153.945,0.288,-50.9586666666667,7954.69940233333,89.1891215470437,23699.75593,153.947250478857,153.946981087646,1
0.945,0.273,0.086,0.434666666666667,0.204072333333333,0.451743658874514,0.97495,0.987395564097794,0.983643228004951,19.0910525128604,-5.19989554062663,0.781,0.292,0.288,0.453666666666667,0.0803643333333333,0.283486037281086,0.778169,0.882138877955166,0.833801535138908,1
0.947,0.273,0.086,0.435333333333333,0.205094333333333,0.45287341866501,0.978734,0.989309860458289,0.98556481268357,18.7375417673679,-5.18897372546879,0.567,0.292,0.287,0.382,0.025675,0.160234203589621,0.489122,0.699372575956478,0.637771902799112,1
0.947,0.273,0.09,0.436666666666667,0.203702333333333,0.451333948793278,0.979438,0.989665600089242,0.98556481268357,18.7375417673679,-5.42891113525542,-0.409,0.079,0.287,-0.0143333333333333,0.127637333333333,0.357263674802426,0.255891,0.505856699075934,0.416559719608125,1
0.947,0.272,0.09,0.436333333333333,0.203866333333333,0.451515595891585,0.978893,0.989390216244329,0.985288282686849,18.7375417673679,-5.42891113525542,-0.409,-40.951,0.28,-13.6933333333333,557.353974333333,23.6083454382838,1677.230082,40.9539995849001,40.9530424022441,1
0.945,0.272,0.09,0.435666666666667,0.202846333333333,0.45038465041932,0.975109,0.987476075659558,0.983366157644242,19.0910525128604,-5.44033203100551,-0.409,-226.953,0.273,-75.6963333333333,17159.0506893333,130.99255967166,51507.906019,226.953532730821,226.953368536358,1
0.945,0.271,0.086,0.434,0.204397,0.452102864401455,0.973862,0.986844465962089,0.983090026396362,19.0910525128604,-5.19989554062663,-0.135,-226.953,0.273,-75.605,17179.704444,131.071371565266,51507.756963,226.953204346182,226.953040151482,1
0.95,0.271,0.086,0.435666666666667,0.206960333333333,0.454928932178789,0.983337,0.991633500845953,0.987897261864816,18.1948723387668,-5.17267652475823,0.903,-0.776,0.946,0.357666666666667,0.964362333333333,0.982019517796532,2.312501,1.52069096137249,1.19062378608862,1
0.952,0.26,0.086,0.432666666666667,0.209849333333333,0.458093149188387,0.9813,0.990605875209712,0.986865745681752,17.8242358246438,-5.16186832428426,1.025,-0.013,0.953,0.655,0.335964,0.579624016065587,1.959003,1.39964388327889,1.02508243570944,1
0.952,0.26,0.086,0.432666666666667,0.209849333333333,0.458093149188387,0.9813,0.990605875209712,0.986865745681752,17.8242358246438,-5.16186832428426,1.025,-0.013,1.656,0.889333333333333,0.710194333333333,0.842730285045775,3.79313,1.94759595399046,1.02508243570944,1
0.963,0.26,0.086,0.436333333333333,0.215602333333333,0.464329983237496,1.002365,1.0011818016724,0.997481328146046,15.6345989010195,-5.10321929738388,1.025,-0.013,1.951,0.987666666666667,0.965369333333333,0.982532102953045,4.857195,2.20390448976356,1.02508243570944,1
0.963,0.263,0.08,0.435333333333333,0.217196333333333,0.466043274099448,1.002938,1.00146792260162,0.998267499220524,15.6345989010195,-4.74886966127184,1.605,-0.165,1.656,1.032,1.075257,1.03694599666521,5.345586,2.3120523350478,1.61345901714298,1
0.951,0.263,0.076,0.43,0.212323,0.460785199415085,0.979346,0.989619118651211,0.986696508557723,18.010475910494,-4.56913204442214,2.276,-0.837,1.656,1.03166666666667,2.71503633333333,1.64773673058937,8.623081,2.93650830068638,2.42502474214182,1
0.951,0.263,0.07,0.428,0.214459,0.463097182025544,0.97847,0.989176425113336,0.986696508557723,18.010475910494,-4.20976314919083,3.161,-0.837,1.199,1.17433333333333,3.99645733333333,1.99911413714508,12.130091,3.48282801757422,3.26993730826755,1
0.949,0.263,0.07,0.427333333333333,0.213414333333333,0.461967892102182,0.97467,0.987253766769213,0.984769008448174,18.377480657165,-4.21860315129375,3.375,-0.745,0.68,1.10333333333333,4.37800833333333,2.09236907196922,12.40805,3.5225062100726,3.45624796564135,1
0.951,0.243,0.07,0.421333333333333,0.217892333333333,0.466789388625463,0.96835,0.98404776306844,0.981554888938973,18.010475910494,-4.20976314919083,3.375,-0.654,0.68,1.13366666666667,4.21257033333333,2.05245470920392,12.280741,3.5043888197516,3.43778140666331,1
0.952,0.243,0.072,0.422333333333333,0.217720333333333,0.466605114988395,0.970537,0.985158362904158,0.982523791060552,17.8242358246438,-4.32506043473846,1.819,0.17,0.68,0.889666666666667,0.712770333333333,0.844257267267113,3.800061,1.94937451506887,1.82692665424751,1
0.955,0.255,0.072,0.427333333333333,0.217196333333333,0.466043274099448,0.982234,0.991077191746435,0.988458395684917,17.2538531173573,-4.31152516995343,1.422,0.598,0.71,0.91,0.199744,0.446927287150829,2.883788,1.69817195831282,1.54262373895905,1
0.959,0.255,0.065,0.426333333333333,0.221825333333333,0.470983368425397,0.988931,0.994450099301116,0.992323535949843,16.4635952022703,-3.87751650194154,1.422,0.598,0.71,0.91,0.199744,0.446927287150829,2.883788,1.69817195831282,1.54262373895905,1
0.96,0.249,0.065,0.424666666666667,0.223400333333333,0.472652444543909,0.987826,0.993894360583659,0.991766605608396,16.260204708312,-3.87348972434458,2.52,-0.562,1.931,1.29633333333333,2.67678233333333,1.6360875078471,10.395005,3.22412856443412,2.58190704712621,1
0.959,0.243,0.067,0.423,0.223216,0.472457405487521,0.983219,0.991574001272724,0.989307838844917,16.4635952022703,-3.99644384598855,2.52,-0.837,2.023,1.23533333333333,3.28267633333333,1.81181575590161,11.143498,3.33818783174344,2.65536607645726,1
0.959,0.243,0.067,0.423,0.223216,0.472457405487521,0.983219,0.991574001272724,0.989307838844917,16.4635952022703,-3.99644384598855,2.063,-0.837,2.023,1.083,2.7652,1.66288905222207,9.049067,3.00816671745434,2.22632836751455,1
0.956,0.243,0.07,0.423,0.220549,0.469626447296146,0.977885,0.988880680365432,0.98640002027575,17.0596212568516,-4.1878240974812,1.391,-0.47,1.779,0.9,1.445311,1.202210880004,5.320622,2.3066473505935,1.46825781114898,1
0.956,0.25,0.077,0.427666666666667,0.216834333333333,0.465654736186945,0.982365,0.991143279248767,0.988147762229921,17.0596212568516,-4.60488679832068,0.14,0.292,0.68,0.370666666666667,0.0775413333333334,0.278462445104063,0.567264,0.753169303676139,0.323827114368146,1
0.954,0.26,0.077,0.430333333333333,0.214042333333333,0.462647093726237,0.983645,0.991788787998735,0.988795226525695,17.445987705778,-4.6144990006472,0.14,0.781,0.344,0.421666666666667,0.107244333333333,0.327481806110406,0.747897,0.864810383841452,0.793448801120778,1
0.954,0.26,0.076,0.43,0.214396,0.463029156749335,0.983492,0.991711651640738,0.988795226525695,17.445987705778,-4.55482425885382,0.567,0.781,-0.144,0.401333333333333,0.234490333333333,0.484242019380117,0.952186,0.975800184464012,0.965116573269779,1
0.954,0.254,0.075,0.427666666666667,0.215780333333333,0.464521617724443,0.980257,0.990079289754109,0.98723452127648,17.445987705778,-4.4951396127192,0.567,0.354,-0.144,0.259,0.133149,0.364895875559042,0.467541,0.683769698070922,0.668434738774101,1
0.958,0.254,0.075,0.429,0.217891,0.46678796042743,0.987905,0.993934102443417,0.991100398546989,16.6645713738191,-4.47644720621901,-0.592,0.079,0.1,-0.137666666666667,0.154924333333333,0.393604285207025,0.366705,0.605561722700502,0.597247854747089,1
0.958,0.257,0.078,0.431,0.216307,0.465088163685123,0.989897,0.994935676312796,0.991873479835004,16.6645713738191,-4.65473330717824,-1.294,0.079,0.131,-0.361333333333333,0.653076333333333,0.808131383707707,1.697838,1.30301112811825,1.29640927179653,1
0.956,0.265,0.078,0.433,0.213889,0.462481350975366,0.990245,0.995110546622836,0.992048889924282,17.0596212568516,-4.6644283188697,-1.294,0.079,0.131,-0.361333333333333,0.653076333333333,0.808131383707707,1.697838,1.30301112811825,1.29640927179653,1
0.953,0.265,0.075,0.431,0.213388,0.461939389963662,0.984059,0.991997479835509,0.98915822798984,17.6360936204484,-4.49983708158775,-1.05,0.079,0.192,-0.259666666666667,0.471662333333333,0.686776771107857,1.145605,1.07032938855289,1.05296771080599,1
0.953,0.263,0.071,0.429,0.215148,0.463840489823819,0.982419,0.991170520142725,0.988624296687068,17.6360936204484,-4.26075430652492,-0.592,0.14,0.253,-0.0663333333333333,0.210436333333333,0.458733401152928,0.434073,0.658842166227997,0.60832885843103,1
0.953,0.262,0.071,0.428666666666667,0.215314333333333,0.464019755326574,0.981894,0.99090564636599,0.988358740539082,17.6360936204484,-4.26075430652492,-0.501,0.14,0.283,-0.026,0.174331,0.417529639666455,0.35069,0.592190847615868,0.52019323332777,1
0.953,0.262,0.07,0.428333333333333,0.215672333333333,0.464405354548517,0.981753,0.990834496775319,0.988358740539082,17.6360936204484,-4.20096005145222,1.269,0.445,0.466,0.726666666666667,0.220704333333333,0.469791797856597,2.025542,1.42321537372247,1.34476243255082,1
0.954,0.255,0.07,0.426333333333333,0.217380333333333,0.466240638869386,0.980041,0.989970201571744,0.987492278450824,17.445987705778,-4.19657226970648,1.269,0.72,0.497,0.828666666666667,0.157852333333333,0.39730634695828,2.37577,1.54135330148542,1.4590274157808,1
0.954,0.255,0.07,0.426333333333333,0.217380333333333,0.466240638869386,0.980041,0.989970201571744,0.987492278450824,17.445987705778,-4.19657226970648,0.079,0.72,0.497,0.432,0.105889,0.325405900376745,0.77165,0.878436110368876,0.724321061408544,1
0.955,0.255,0.07,0.426666666666667,0.217908333333333,0.466806526661028,0.98195,0.990933902942068,0.988458395684917,17.2538531173573,-4.1921936278753,0.079,0.659,0.741,0.493,0.130228,0.360871168147304,0.989603,0.9947879170959,0.663718313744619,1
0.955,0.249,0.07,0.424666666666667,0.218950333333333,0.46792128967737,0.978926,0.989406893042493,0.986927555598687,17.2538531173573,-4.1921936278753,0.811,-0.623,1.138,0.442,0.877401,0.936696855978496,2.340894,1.52999803921443,1.02266807909507,1
0.954,0.248,0.07,0.424,0.218596,0.467542511436126,0.97652,0.988190265080566,0.985707867473929,17.445987705778,-4.19657226970648,0.811,-0.623,1.443,0.543666666666667,1.12068933333333,1.05862615371685,3.128099,1.7686432653308,1.02266807909507,1
0.95,0.244,0.07,0.421333333333333,0.217185333333333,0.466031472470834,0.966936,0.983329039538648,0.98083433871373,18.1948723387668,-4.21417852273404,0.689,-0.593,1.443,0.513,1.059556,1.02934736605288,2.908619,1.70546738461924,0.909048953577309,1
0.95,0.244,0.07,0.421333333333333,0.217185333333333,0.466031472470834,0.966936,0.983329039538648,0.98083433871373,18.1948723387668,-4.21417852273404,0.323,-0.501,1.443,0.421666666666667,0.952085333333333,0.975748601502115,2.437579,1.56127479964291,0.596095629911846,1
0.954,0.252,0.07,0.425333333333333,0.217897333333333,0.466794744329168,0.97852,0.989201698340637,0.986721845303934,17.445987705778,-4.19657226970648,0.079,-0.501,1.29,0.289333333333333,0.835100333333333,0.913838242433163,1.921342,1.38612481400486,0.50719029959178,1
0.954,0.252,0.069,0.425,0.218253,0.467175555867385,0.978381,0.989131437171016,0.986721845303934,17.445987705778,-4.13683087092796,0.079,-0.501,1.29,0.289333333333333,0.835100333333333,0.913838242433163,1.921342,1.38612481400486,0.50719029959178,1
0.947,0.291,0.089,0.442333333333333,0.201217333333333,0.448572550802357,0.989411,0.994691409433097,0.990701771473131,18.7375417673679,-5.36894435362626,-12.036,-0.379,0.305,-4.03666666666667,48.1089643333333,6.93606259583442,145.101962,12.0458275763851,12.0419656618012,1
0.947,0.291,0.093,0.443666666666667,0.199809333333333,0.447000372855922,0.990139,0.995057284783143,0.990701771473131,18.7375417673679,-5.60873940690308,-12.036,-0.379,0.361,-4.018,48.353143,6.95364242681489,145.139258,12.0473755648274,12.0419656618012,1
0.951,0.329,0.149,0.476333333333333,0.177081333333333,0.420810329404274,1.034843,1.01727233325202,1.0063011477684,18.010475910494,-8.90455000244641,-10.45,0.201,0.558,-3.23033333333333,39.1245523333333,6.25496221677904,109.554265,10.4668173290643,10.4519328834431,1
0.951,0.355,0.151,0.485666666666667,0.172805333333333,0.415698608770024,1.053227,1.02626848339019,1.01509900994928,18.010475910494,-9.02212085116584,-5.597,0.201,0.558,-1.61266666666667,11.9380463333333,3.45514780195194,31.678174,5.62833669923895,5.60060800270828,1
0.951,0.355,0.151,0.485666666666667,0.172805333333333,0.415698608770024,1.053227,1.02626848339019,1.01509900994928,18.010475910494,-9.02212085116584,-2.515,-2.954,0.27,-1.733,3.057187,1.74848134105,15.124241,3.88898971456598,3.87960577894198,1
0.952,0.291,0.113,0.452,0.195421,0.442064474935501,1.003754,1.00187524173422,0.995482295171542,17.8242358246438,-6.76919256054671,-2.515,-2.954,0.27,-1.733,3.057187,1.74848134105,15.124241,3.88898971456598,3.87960577894198,1
0.945,0.275,0.098,0.439333333333333,0.199606333333333,0.446773245990999,0.978254,0.989067237350424,0.98420018288964,19.0910525128604,-5.9206207140468,-2.515,-16.948,0.27,-6.39766666666667,85.4212063333333,9.24235934885316,293.632829,17.135717930685,17.1335906627887,1
0.952,0.275,0.098,0.441666666666667,0.203162333333333,0.450735325144739,0.991533,0.995757500599418,0.990923306820462,17.8242358246438,-5.87739260664314,-0.104,-2.954,0.271,-0.929,3.110625,1.76369640244573,8.810373,2.96822724871261,2.95583017103487,1
0.951,0.272,0.098,0.440333333333333,0.203154333333333,0.450726450669731,0.987989,0.993976357867731,0.989133459144923,18.010475910494,-5.88352949887709,1.91,-0.837,0.405,0.492666666666667,1.89226633333333,1.37559671900355,4.512694,2.12431024099589,2.08534625422255,1
0.951,0.271,0.098,0.44,0.203323,0.450913517207014,0.987446,0.993703174997444,0.988858938372911,18.010475910494,-5.88352949887709,1.91,-0.837,1.077,0.716666666666667,1.98388233333333,1.4085035794535,5.508598,2.34704026382165,2.08534625422255,1
0.951,0.263,0.098,0.437333333333333,0.204696333333333,0.45243378889439,0.983174,0.991551309817097,0.986696508557723,18.010475910494,-5.88352949887709,1.91,-0.837,1.077,0.716666666666667,1.98388233333333,1.4085035794535,5.508598,2.34704026382165,2.08534625422255,1
0.946,0.263,0.096,0.435,0.202813,0.450347643493335,0.973301,0.986560185695734,0.981878302031367,18.9150927972829,-5.79453415249419,0.384,-1.05,1.077,0.137,1.176789,1.08479905973411,2.409885,1.55238043017812,1.11801431117853,1
0.945,0.276,0.087,0.436,0.203241,0.450822581510731,0.97677,0.988316750844586,0.984480065821548,19.0910525128604,-5.26002221567099,-0.592,-1.05,0.943,-0.233,1.089673,1.04387403454631,2.342213,1.53042902481624,1.20538956358515,1
0.945,0.276,0.087,0.436,0.203241,0.450822581510731,0.97677,0.988316750844586,0.984480065821548,19.0910525128604,-5.26002221567099,-0.592,0.506,0.943,0.285666666666667,0.625466333333333,0.790864295143821,1.495749,1.22300817658755,0.778781098897501,1
0.942,0.276,0.087,0.435,0.201717,0.449129157370127,0.971109,0.985448628798072,0.981600733496059,19.6098106888681,-5.27667946781951,-0.226,2.032,0.903,0.903,1.274641,1.129,4.995509,2.23506353377259,2.04452928567922,1
0.942,0.295,0.093,0.443333333333333,0.196702333333333,0.443511367761113,0.983038,0.991482728039173,0.987111442543343,19.6098106888681,-5.6383184618475,-0.226,3.924,0.903,1.53366666666667,4.60393033333333,2.14567712700055,16.264261,4.03289734558171,3.93050276682259,1
0.941,0.297,0.093,0.443666666666667,0.195909333333333,0.442616463016609,0.982339,0.991130162995759,0.986757315655678,19.7798228123058,-5.64427162922253,-1.233,3.924,2.053,1.58133333333333,6.81551433333333,2.61065400490631,21.132874,4.59705057618469,4.11315754621678,1
0.932,0.297,0.093,0.440666666666667,0.191460333333333,0.437561805158235,0.965482,0.982589436132915,0.978178409084969,21.2512439756827,-5.69841938234169,-1.233,3.924,2.053,1.58133333333333,6.81551433333333,2.61065400490631,21.132874,4.59705057618469,4.11315754621678,1
0.91,0.138,0.086,0.378,0.212944,0.4614585571858,0.85454,0.924413327467751,0.920404259007964,24.4946484714197,-5.39873153457215,3.314,31.878,1.962,12.3846666666667,285.449509333333,16.8952510882003,1031.038924,32.1097948296155,32.0497968792315,1
0.91,0.138,0.077,0.375,0.215599,0.464326393822277,0.853073,0.923619510404582,0.920404259007964,24.4946484714197,-4.8365834457353,4.26,31.878,1.962,12.7,277.166964,16.6483321687189,1038.203928,32.2211720457217,32.1613818732964,1
1.174,0.138,0.077,0.463,0.380071,0.616498986211656,1.403249,1.18458811407172,1.18208290741386,0,-3.7525257082656,23.303,0.994,6.906,10.401,133.584139,11.5578604854013,591.710681,24.3251039257801,23.3241901252755,1
1.174,0.159,0.341,0.558,0.292873,0.541177420075893,1.519838,1.23281709916759,1.18471810993164,0,-16.1964656872789,23.303,0.994,6.906,10.401,133.584139,11.5578604854013,591.710681,24.3251039257801,23.3241901252755,1
1.174,0.182,0.341,0.565666666666667,0.283872333333333,0.532796709199047,1.527681,1.23599393202394,1.18802356878978,0,-16.1964656872789,-4.926,0.994,6.906,0.991333333333333,34.9990613333333,5.916000450755,72.946348,8.54086342239472,5.02528725547107,1
0.979,0.245,0.171,0.465,0.199516,0.446672139269957,1.047707,1.02357559564499,1.00919076492009,11.7627870854941,-9.90778910236231,-35.688,3.787,0.056,-10.615,474.971587,21.7938428690307,1287.977849,35.8884082817837,35.8883645907695,1
0.979,0.277,0.166,0.474,0.194349,0.44085031473279,1.062726,1.03088602667802,1.01743304448008,11.7627870854941,-9.62358473777977,-35.688,63.159,-7.377,6.698,2591.261571,50.9044356711672,5317.112754,72.9185350511103,72.5444182897623,1
0.979,0.455,0.141,0.525,0.179236,0.423362728638221,1.185347,1.08873642356633,1.07956750599488,11.7627870854941,-8.19563939107355,-19.33,63.159,-7.377,12.1506666666667,1987.10610433333,44.5769683169833,4417.12831,66.4614798962527,66.0508000027252,1
0.92,0.572,0.141,0.544333333333333,0.152284333333333,0.390236253227879,1.193465,1.09245823718804,1.08332082044056,23.073918065631,-8.71340042520179,6.06,63.159,27.78,32.333,830.621307,28.8205015050051,4797.511281,69.2640691917534,63.4490573688845,1
0.904,0.572,0.138,0.538,0.147556,0.384130186265021,1.163444,1.07863061332414,1.06976632962531,25.311065155487,-8.67947282533027,31.451,48.785,27.78,36.0053333333333,125.858970333333,11.218688440871,4140.870026,64.3495922753206,58.0443074383699,1
0.716,0.345,0.057,0.372666666666667,0.109144333333333,0.330369994602012,0.63493,0.796824949408589,0.794783618351561,44.2747871600966,-4.55165688572497,58.154,48.785,23.232,43.3903333333333,326.713342333333,18.0752134796061,6301.589765,79.3825532784125,75.9069426403145,1
0.716,0.048,0.034,0.266,0.151924,0.389774293662371,0.516116,0.718412137982092,0.717607134858622,44.2747871600966,-2.71870704179257,58.154,42.834,-0.047,33.647,910.139827,30.1685237789322,5216.641481,72.2263212478664,72.2263059556558,1
0.964,0.048,0.034,0.348666666666667,0.284025333333333,0.532940271825402,0.932756,0.965792938470768,0.965194280961092,15.4205707929902,-2.01996819772415,32.672,42.834,-2.097,24.4696666666667,555.157394333334,23.5617782506612,2906.608549,53.9129719919056,53.8721740790178,1
1.32,0.048,0.036,0.468,0.544464,0.737878038702874,1.746,1.32136293273271,1.32087243895843,0,-1.5622249168424,21.624,39.63,-2.097,19.719,438.007401,20.9286263524389,2042.531685,45.1943766966644,45.1457005261852,1
1.32,-0.13,0.036,0.408666666666667,0.629785333333333,0.79359015450882,1.760596,1.32687452308046,1.32638606747809,0,-1.5622249168424,21.624,30.719,27.932,26.7583333333333,21.7128763333333,4.65970775192322,2191.450961,46.8129358297469,37.5666652366164,1
0.419,-0.13,0.036,0.108333333333333,0.0792743333333333,0.281556980615529,0.193757,0.440178372935336,0.438703772493467,65.2285306016998,-4.91072768943228,-87.293,-50.794,42.947,-31.7133333333333,4513.66828033333,67.1838394283427,12044.543094,109.747633660139,100.995535965705,1
0.419,-0.13,0.135,0.141333333333333,0.0753803333333333,0.274554791131631,0.210686,0.459005446590778,0.438703772493467,65.2285306016998,-17.8587175954958,-88.971,-50.794,42.947,-32.2726666666667,4607.86952233333,67.8812899283251,12340.314086,111.086966319186,102.449349812481,1
0.662,0.858,0.135,0.551666666666667,0.139812333333333,0.373914874447826,1.192633,1.0920773782109,1.08370106579259,48.5474168871233,-11.5261419364826,-88.971,-1.569,-13.816,-34.7853333333333,2239.56210633333,47.3240119424942,8109.182458,90.0509992060055,88.9848335504427,1
0.662,0.858,0.135,0.551666666666667,0.139812333333333,0.373914874447826,1.192633,1.0920773782109,1.08370106579259,48.5474168871233,-11.5261419364826,-54.12,-1.569,-27,-27.563,690.639627,26.2800233447385,3660.436161,60.5015385010993,54.1427387652306,1
0.662,0.858,0.067,0.529,0.169687,0.411930819434526,1.178897,1.08577023352089,1.08370106579259,48.5474168871233,-5.77913897530808,7.159,-8.649,-27,-9.49666666666667,292.248224333333,17.0952690629113,855.056482,29.241348840298,11.2274877866778,1
1.133,0.739,0.067,0.646333333333333,0.290529333333333,0.539007730309439,1.834299,1.35436294987717,1.35270469800323,0,-3.38424701825367,21.319,-8.649,-27,-4.77666666666667,594.927664333333,24.3911390536263,1258.304962,35.4725945202772,23.006628653499,1
1.133,0.504,-0.065,0.524,0.359101,0.599250365039522,1.54193,1.24174474027475,1.24004233798689,0,3.28344913989392,21.319,72.68,-15.525,26.158,1962.592447,44.3011562715918,5977.907786,77.3169307849193,75.7422085827975,1
0.752,0.492,-0.065,0.393,0.174223,0.417400287493912,0.811793,0.900995560477409,0.89864787319617,41.2360776742974,4.94014919994731,21.319,72.68,-0.178,31.2736666666667,1401.39358233333,37.43519176301,5736.913845,75.7424177393355,75.7422085827975,1
0.364,-0.126,-0.065,0.0576666666666667,0.0713103333333334,0.267039947074091,0.152597,0.390636659825982,0.385190861781533,68.6539460494367,10.1246716553978,68.744,0.512,-0.178,23.026,1567.720668,39.5944524902164,4726.031364,68.7461370842028,68.7459066417776,1
0.077,-0.126,0.073,0.008,0.013471,0.116064637163953,0.027134,0.164724011607294,0.147665161768103,85.5838537357104,-43.4724745577871,111.132,-27.814,-15.678,22.5466666666667,5922.34158533333,76.9567513953996,13369.739704,115.627590582871,114.559766148504,1
-0.087,-0.027,0.099,-0.005,0.009012,0.0949315542904466,0.018099,0.134532523948672,0.0910933587041339,94.9910425731449,-131.308614013549,113.299,-77.649,-15.678,6.65733333333333,9489.43501233334,97.4137311282826,19111.830286,138.245543458008,137.353669779879,1
-0.087,0.397,0.48,0.263333333333333,0.0937723333333333,0.306222685856769,0.395578,0.62894991851498,0.406420964026218,94.9910425731449,-100.273330641629,113.299,-77.649,19.57,18.4066666666667,9116.29968433333,95.4793154789734,19249.015502,138.740821325232,137.353669779879,1
1.144,0.397,0.653,0.731333333333333,0.144104333333333,0.379610765565643,1.892754,1.37577396399263,1.21092733060246,0,-29.717905884852,-139.218,-0.111,19.57,-39.9196666666667,7491.95469233333,86.5560783095753,19764.648745,140.586801460877,139.218044250736,1
1.144,0.397,0.653,0.731333333333333,0.144104333333333,0.379610765565643,1.892754,1.37577396399263,1.21092733060246,0,-29.717905884852,-139.218,-0.111,0.807,-46.174,6493.100133,80.5797749624557,19382.315094,139.22038318436,139.218044250736,1
0.433,0.231,0.013,0.225666666666667,0.0441213333333333,0.210050787509434,0.241019,0.490936859483987,0.490764709407675,64.3419011065845,-1.71968003906986,-44.934,-0.111,-0.067,-15.0373333333333,670.358492333333,25.8912821685859,2019.081166,44.9341870517316,44.9341371008724,1
0.433,-0.067,-0.306,0.02,0.142207,0.377103434086724,0.285614,0.534428666895779,0.438152941334416,64.3419011065845,35.2487517321906,68.896,-0.675,-4.294,21.309,1701.666217,41.2512571566007,4765.552877,69.032983978675,68.8993065349717,1
0.433,-0.067,-0.306,0.02,0.142207,0.377103434086724,0.285614,0.534428666895779,0.438152941334416,64.3419011065845,35.2487517321906,68.896,-19.513,-4.294,15.0296666666667,2234.09089033333,47.2661706755829,5145.854421,71.7346110395812,71.6059772993847,1
0.364,-0.527,0.218,0.0183333333333333,0.228370333333333,0.477881087022005,0.457749,0.676571503981656,0.640488095127458,68.6539460494367,-30.9174382078765,61.358,-19.513,0.617,14.154,1772.467437,42.1006821441173,4145.942022,64.3889899128725,64.3860336796731,1
0.364,-0.527,0.218,0.0183333333333333,0.228370333333333,0.477881087022005,0.457749,0.676571503981656,0.640488095127458,68.6539460494367,-30.9174382078765,34.289,-0.998,0.617,11.3026666666667,396.930696333333,19.9231196436033,1177.112214,34.3090689760011,34.3035205919159,1
1.07,-0.079,0.103,0.364666666666667,0.381402333333333,0.617577795369404,1.16175,1.07784507235502,1.07291239157724,0,-5.49844644610919,30.139,-0.998,0.375,9.83866666666667,309.548932333333,17.5940027376755,909.49595,30.15785055338,30.155518980777,1
1.07,0.216,0.029,0.438333333333333,0.307994333333333,0.554972371684693,1.192397,1.0919693219134,1.09158416991087,0,-1.55249620671947,30.139,-0.661,0.375,9.951,305.934832,17.4909928820522,908.936867,30.1485798504673,30.1462475608491,1
0.929,0.216,0.029,0.391333333333333,0.225556333333333,0.474927713797935,0.910538,0.954221148371802,0.953780373041928,21.7205339752639,-1.78798515274009,-6.116,-0.661,0.23,-2.18233333333333,11.8037703333333,3.43566155686694,37.895277,6.15591398575386,6.15161580399817,1
0.929,0.277,0.027,0.411,0.216868,0.465690884600504,0.940499,0.969793276941019,0.969417350783449,21.7205339752639,-1.66474778706379,-9.748,2.001,0.23,-2.50566666666667,40.1226543333333,6.33424457479606,99.080405,9.95391405428036,9.95125645333292,1
0.938,0.277,0.027,0.414,0.221557,0.470698417248242,0.957302,0.978418111034337,0.978045499964087,20.2816498129502,-1.64878358666111,-9.748,297.962,0.23,96.148,30571.558068,174.847242094349,88876.429848,298.121501820986,298.121413098757,1
0.956,0.235,0.029,0.406666666666667,0.236934333333333,0.486759009504019,0.970002,0.984886795525252,0.984459750319941,17.0596212568516,-1.73751906717185,10.485,297.962,0.227,102.891333333333,28565.7303863333,169.0139946464,88891.340198,298.146507941985,298.146421526404,1
0.965,0.215,0.063,0.414333333333333,0.233201333333333,0.482909239229623,0.981419,0.990665937639929,0.988660710254028,15.203604093293,-3.73525279086236,10.485,15.155,0.227,8.62233333333333,58.3134413333333,7.63632381014146,339.660779,18.4298881982501,18.4284901714709,1
0.965,0.215,0.063,0.414333333333333,0.233201333333333,0.482909239229623,0.981419,0.990665937639929,0.988660710254028,15.203604093293,-3.73525279086236,5.328,0.231,0.243,1.934,8.639463,2.93929634436543,28.499994,5.33853856406414,5.33300525032556,1
0.965,0.257,0.035,0.419,0.235908,0.485703613328128,0.998499,0.999249218163317,0.998636069847269,15.203604093293,-2.07717476516281,5.328,-21.885,0.243,-5.438,209.342163,14.468661410096,507.399858,22.5255379070068,22.524227156553,1
0.96,0.257,0.023,0.413333333333333,0.237822333333333,0.487670312130371,0.988178,0.994071426005194,0.993805312926028,16.260204708312,-1.37244882834693,5.328,-364.965,0.227,-119.803333333333,45084.6871523333,212.331550063417,133227.890338,365.003959345649,365.003888758736,1
0.96,0.217,0.023,0.4,0.244609,0.494579619474964,0.969218,0.984488699782786,0.984219995732661,16.260204708312,-1.37244882834693,2.673,-364.965,0.227,-120.688333333333,44754.8131373333,211.553334025567,133206.647683,364.974858973875,364.974788381335,1
0.96,0.205,0.019,0.394666666666667,0.248350333333333,0.498347602917214,0.963986,0.981827887157418,0.981644029167396,16.260204708312,-1.13383094065854,2.307,-5.14,0.227,-0.868666666666667,14.7648163333333,3.84250131207958,31.793378,5.63856169603561,5.63399050407435,1
0.963,0.203,0.016,0.394,0.251563,0.501560564638011,0.968834,0.984293655369169,0.984163604285385,15.6345989010195,-0.951867218672783,-0.318,-3.766,0.771,-1.10433333333333,5.60983233333334,2.36850846173986,14.878321,3.85724266802077,3.77940206911093,1
0.963,0.203,0.019,0.395,0.250432,0.500431813537069,0.968939,0.984346991665033,0.984163604285385,15.6345989010195,-1.13029967482137,-2.179,-3.644,1.504,-1.43966666666667,7.03543633333333,2.65243969457052,20.288793,4.50430827097791,4.24579521409123,1
0.962,0.224,0.018,0.401333333333333,0.246369333333333,0.496356054998157,0.975944,0.987898780240162,0.98773478221636,15.8458075497508,-1.07193731832986,-2.759,-3.034,2.084,-1.23633333333333,8.28736633333333,2.87877861832641,21.160293,4.60003184771584,4.10088246600655,1
0.957,0.224,0.019,0.4,0.243193,0.493146022999274,0.966386,0.983049337520757,0.982865708019158,16.8632195997888,-1.1373843373973,-2.759,-3.034,2.175,-1.206,8.592277,2.93125860339889,21.547862,4.64196747080373,4.10088246600655,1
0.955,0.224,0.018,0.399,0.242461,0.492403289997132,0.962525,0.981083584614481,0.980918447170814,17.2538531173573,-1.07979259699573,-2.546,-0.959,2.175,-0.443333333333333,5.77139433333334,2.40237264664193,12.132422,3.48316264334584,2.72062437686646,1
0.955,0.224,0.018,0.399,0.242461,0.492403289997132,0.962525,0.981083584614481,0.980918447170814,17.2538531173573,-1.07979259699573,-2.271,-0.959,1.718,-0.504,4.133299,2.03305164715508,9.028646,3.00477054032417,2.46518194054719,1
0.955,0.224,0.018,0.399,0.242461,0.492403289997132,0.962525,0.981083584614481,0.980918447170814,17.2538531173573,-1.07979259699573,-2.24,-1.02,1.718,-0.514,4.108468,2.02693561811913,9.009524,3.00158691361753,2.46130046926417,1
0.956,0.224,0.018,0.399333333333333,0.243017333333333,0.492967882659036,0.964436,0.98205702482086,0.981892051093194,17.0596212568516,-1.07866337383335,-0.714,-1.203,1.687,-0.0766666666666667,2.39267033333333,1.54682588979281,4.802974,2.19156884445823,1.39892994821042,1
0.956,0.224,0.016,0.398666666666667,0.243781333333333,0.493742172933742,0.964368,0.982022403003109,0.981892051093194,17.0596212568516,-0.958835661249507,-0.562,-1.203,1.687,-0.026,2.303497,1.5177275776634,4.609022,2.1468632932723,1.32780006025004,1
0.954,0.224,0.015,0.397666666666667,0.243050333333333,0.493001352263189,0.960517,0.980059692059622,0.979944896409997,17.445987705778,-0.900802808735291,-0.44,-1.203,1.046,-0.199,1.308061,1.14370494446776,2.734925,1.6537608654216,1.28094066997656,1
0.954,0.224,0.007,0.395,0.246133,0.496117929528857,0.960341,0.979969897496857,0.979944896409997,17.445987705778,-0.42040173903679,0.842,-0.379,1.046,0.503,0.593847,0.770614689712051,1.946721,1.39524944006439,0.923366124568148,1
0.961,0.222,0.007,0.396666666666667,0.250410333333333,0.500410165097926,0.972854,0.986333614959969,0.986308775181484,16.0543080742742,-0.417339608231987,1.574,-0.226,1.107,0.818333333333333,0.872496333333333,0.93407512188974,3.754001,1.93752445145861,1.5901421320121,1
0.961,0.22,0.007,0.396,0.250761,0.500760421758749,0.97197,0.985885388876415,0.98586053780441,16.0543080742742,-0.417339608231987,1.666,-0.226,1.29,0.91,1.003216,1.0016067092427,4.490732,2.11913472908166,1.68125905202024,1
0.967,0.22,0.007,0.398,0.254163,0.504145812240864,0.983538,0.991734843594799,0.991710139103155,14.7603345814695,-0.41475020812491,1.696,-0.44,1.29,0.848666666666667,1.28670533333333,1.1343303457694,4.734116,2.17580238073222,1.75214611262874,1
0.967,0.216,0.01,0.397666666666667,0.253714333333333,0.503700638607232,0.981845,0.990880921200928,0.990830459765948,14.7603345814695,-0.592489526455566,1.696,-1.294,0.802,0.401333333333333,2.35542533333333,1.53473950015412,5.194056,2.27904716932318,2.13327260330226,1
0.967,0.216,0.005,0.396,0.255661,0.50562931085925,0.98177,0.99084307536562,0.990830459765948,14.7603345814695,-0.296252683103955,-1.813,-1.294,0.802,-0.768333333333333,1.91680033333333,1.3844855843718,5.604609,2.36740554193826,2.22742115460907,1
0.965,0.216,0.005,0.395333333333333,0.254520333333333,0.504500082590016,0.977906,0.988891298374093,0.988878657874666,15.203604093293,-0.296866667324694,-3.308,-1.203,0.802,-1.23633333333333,4.22385833333333,2.05520274750043,13.033277,3.61016301570996,3.5199535508299,1
0.959,0.226,-0.01,0.391666666666667,0.255324333333333,0.505296282722655,0.970857,0.985320759955863,0.985270013752575,16.4635952022703,0.597431730911941,-4.041,-1.203,1.351,-1.29766666666667,7.27513733333333,2.69724625003601,19.602091,4.42742487231574,4.21626493474971,1
0.959,0.227,-0.01,0.392,0.255159,0.505132655843987,0.97131,0.985550607528604,0.985499873160824,16.4635952022703,0.597431730911941,-4.438,-1.203,1.351,-1.43,8.416777,2.90116821297904,22.968254,4.79252063115017,4.59815756580829,1
0.96,0.229,0.001,0.396666666666667,0.251004333333333,0.501003326668929,0.974042,0.986935661530173,0.986935154911405,16.260204708312,-0.0596830820727041,-4.621,-1.264,1.351,-1.51133333333333,8.96207633333333,2.99367271646941,24.776538,4.97760364030725,4.7907553684153,1
0.96,0.229,0.001,0.396666666666667,0.251004333333333,0.501003326668929,0.974042,0.986935661530173,0.986935154911405,16.260204708312,-0.0596830820727041,-4.438,-1.264,1.351,-1.45033333333333,8.40417033333333,2.898994710815,23.118741,4.80819519154537,4.61449238811811,1
0.936,0.269,0.121,0.442,0.188503,0.4341693218089,0.963098,0.98137556521446,0.973887570513147,20.6096929375321,-7.36597496833521,2.948,1.513,-0.358,1.36766666666667,2.74825033333333,1.65778476689024,11.108037,3.33287218476797,3.31358914170119,1
0.939,0.274,0.121,0.444666666666667,0.189126333333333,0.434886575250758,0.971438,0.9856155437086,0.978160007360759,20.1157080544961,-7.34269872951222,2.948,1.513,-0.358,1.36766666666667,2.74825033333333,1.65778476689024,11.108037,3.33287218476797,3.31358914170119,1
0.939,0.274,0.107,0.44,0.193723,0.44013975053385,0.968246,0.983994918686067,0.978160007360759,20.1157080544961,-6.50087123918559,2.948,0.628,0.242,1.27266666666667,2.14230533333333,1.4636616184533,9.143652,3.02384721836273,3.01414797247912,1
0.959,0.255,0.102,0.438666666666667,0.208912333333333,0.457069287234806,0.99511,0.997552003656952,0.992323535949843,16.4635952022703,-6.07119945221343,0.811,0.628,0.466,0.635,0.029793,0.172606488869915,1.269261,1.12661484101711,1.02572169714792,1
0.959,0.255,0.102,0.438666666666667,0.208912333333333,0.457069287234806,0.99511,0.997552003656952,0.992323535949843,16.4635952022703,-6.07119945221343,-0.989,0.628,0.71,0.116333333333333,0.918002333333333,0.958124383017849,1.876605,1.36989233153558,1.17153958533205,1
0.959,0.261,0.102,0.440666666666667,0.207822333333333,0.455875348459788,0.998206,0.999102597334228,0.993882286792556,16.4635952022703,-6.07119945221343,-2.393,0.598,0.71,-0.361666666666667,3.09787233333333,1.76007736572383,6.588153,2.56673976086396,2.46658731854358,1
0.953,0.263,0.102,0.439333333333333,0.204370333333333,0.452073371626037,0.987782,0.993872225187926,0.988624296687068,17.6360936204484,-6.10913500986335,-2.912,-1.271,0.71,-1.15766666666667,3.28935433333333,1.81365772221038,10.599285,3.25565431211608,3.17729208603805,1
0.952,0.266,0.106,0.441333333333333,0.201985333333333,0.449427784336186,0.988296,0.994130776105438,0.988463454053816,17.8242358246438,-6.35340267016578,-2.912,-1.271,0.283,-1.3,2.552637,1.59769740564351,10.175274,3.18987053028802,3.17729208603805,1
0.95,0.282,0.106,0.446,0.198256,0.445259474913224,0.99326,0.996624302332629,0.990971240753232,18.1948723387668,-6.36666853677623,2.581,2.307,0.282,1.72333333333333,1.57685033333333,1.25572701385824,12.063334,3.47323106055442,3.46176400119939,1
0.948,0.282,0.117,0.449,0.193557,0.439951133650091,0.991917,0.995950299964813,0.989054093566171,18.5583536994437,-7.03573589212007,2.581,2.307,0.282,1.72333333333333,1.57685033333333,1.25572701385824,12.063334,3.47323106055442,3.46176400119939,1
0.934,0.286,0.123,0.447666666666667,0.184032333333333,0.42898989887098,0.969281,0.984520695567137,0.97680704338165,20.9328160636881,-7.50220497174622,-1.386,2.307,-1.121,-0.0666666666666667,4.24327633333333,2.05992143863142,8.499886,2.91545639651839,2.6913277392395,1
0.934,0.293,0.131,0.452666666666667,0.180322333333333,0.424643772276638,0.975366,0.987606196821385,0.978879461425154,20.9328160636881,-7.98404955133675,-1.386,1.94,-1.121,-0.189,3.417037,1.84852292385028,6.941237,2.63462274339231,2.38423908197144,1
0.934,0.293,0.132,0.453,0.180001,0.424265247221594,0.975629,0.987739338084699,0.978879461425154,20.9328160636881,-8.04420169960689,-1.142,1.94,-1.121,-0.107666666666667,3.14481433333333,1.77336243710453,6.324405,2.51483697284735,2.25116947385131,1
0.935,0.293,0.132,0.453333333333333,0.180482333333333,0.424832123706922,0.977498,0.988684985220267,0.979833659352443,20.7718550453282,-8.03571071053479,-1.142,1.818,-1.121,-0.148333333333333,2.89996033333333,1.70292699001846,5.865929,2.42196800144015,2.14692524322576,1
0.935,0.29,0.126,0.450333333333333,0.182900333333333,0.427668485316996,0.974201,0.987016210606493,0.978940754080654,20.7718550453282,-7.67490636786885,-1.142,1.757,-1.273,-0.219333333333333,2.93371033333333,1.7128077339075,6.011742,2.45188539699554,2.09552213063952,1
0.932,0.29,0.125,0.449,0.181773,0.426348449041392,0.968349,0.98404725496289,0.976075816727369,21.2512439756827,-7.63893384287869,-0.318,0.964,-2.341,-0.565,2.776513,1.6662871901326,6.510701,2.55160753251749,1.01509605456824,1
0.932,0.29,0.124,0.448666666666667,0.182097333333333,0.426728641332327,0.9681,0.983920728514244,0.976075816727369,21.2512439756827,-7.57853547485977,0.445,0.964,-2.921,-0.504,4.448757,2.10920767114099,9.659562,3.10798359069027,1.06175373792608,1
0.959,0.29,0.124,0.457666666666667,0.195390333333333,0.442029787834862,1.019157,1.0095330603799,1.00188871637523,16.4635952022703,-7.36754449555492,2.307,2.093,-4.783,-0.127666666666667,16.2655453333333,4.03305657452674,32.579987,5.7078881383573,3.1149475115963,1
0.959,0.284,0.124,0.455666666666667,0.196408333333333,0.443179797975194,1.015713,1.00782587781819,1.00016848580627,16.4635952022703,-7.36754449555492,2.307,2.093,-4.783,-0.127666666666667,16.2655453333333,4.03305657452674,32.579987,5.7078881383573,3.1149475115963,1
0.959,0.284,0.112,0.451666666666667,0.200436333333333,0.447701165213285,1.012881,1.00641989249021,1.00016848580627,16.4635952022703,-6.66130163977015,-3.736,2.093,-2.28,-1.30766666666667,9.20338433333333,3.03370801715217,23.536745,4.85146833443237,4.28232938947952,1
0.957,0.293,0.125,0.458333333333333,0.193557333333333,0.439951512479879,1.017323,1.00862431063305,1.00084863990516,16.8632195997888,-7.4416457588797,-3.736,2.062,-0.358,-0.677333333333333,8.48068133333333,2.91216093877611,18.337704,4.28225454638091,4.26726376030355,1
0.905,0.333,0.108,0.448666666666667,0.168836333333333,0.410896986279205,0.941578,0.970349421600281,0.964320486145555,25.1767169406097,-6.80532356425821,4.474,-8.222,-0.358,-1.36866666666667,41.0631893333333,6.40805659567184,87.746124,9.36729010973825,9.36044657054352,1
0.905,0.333,0.125,0.454333333333333,0.163141333333333,0.40390758018801,0.945539,0.972388296926696,0.964320486145555,25.1767169406097,-7.86402479549955,8.471,-8.222,0.291,0.18,69.673303,8.34705355200265,139.443806,11.8086326896894,11.8050465903358,1
0.904,0.192,0.101,0.399,0.193339,0.439703309061917,0.864281,0.929667144735147,0.924164487523731,25.311065155487,-6.37497126058505,8.471,-2.972,0.291,1.93,34.750303,5.89493876134435,80.675306,8.98194333092789,8.97722813567752,1
0.751,0.192,0.103,0.348666666666667,0.123384333333333,0.351261061510287,0.611474,0.781968030037034,0.775154823245008,41.322924623799,-7.80942036965526,-0.745,-2.972,0.291,-1.142,2.779999,1.66733290017321,9.47249,3.07774105473479,3.0639531654384,1
0.751,0.29,0.011,0.350666666666667,0.139660333333333,0.373711564355899,0.648222,0.805122350950463,0.805047203584982,41.322924623799,-0.839159133421133,-5.201,-37.519,1.412,-13.7693333333333,433.967942333333,20.8318972331695,1436.719506,37.9040829726825,37.8777739842246,1
0.751,0.29,0.011,0.350666666666667,0.139660333333333,0.373711564355899,0.648222,0.805122350950463,0.805047203584982,41.322924623799,-0.839159133421133,-12.433,-37.519,1.412,-16.18,389.435697,19.7341251896303,1564.248594,39.5505827264277,39.5253697009908,1
0.74,0.132,-0.101,0.257,0.188539,0.434210778309337,0.575225,0.75843589050097,0.75168078331164,42.2685844295725,7.77207620105035,-19.147,-4.346,1.412,-7.36033333333333,112.482774333333,10.6057896609981,387.489069,19.6847420353938,19.6340348629618,1
0.721,0.107,-0.115,0.237666666666667,0.187529333333333,0.433046571783375,0.544515,0.737912596450284,0.728896426112791,43.8628958798206,9.06238068198698,-19.147,11.069,0.283,-2.59833333333333,234.478225333333,15.3126818465393,489.210459,22.1181025180733,22.1162919586444,1
0.721,0.107,-0.115,0.237666666666667,0.187529333333333,0.433046571783375,0.544515,0.737912596450284,0.728896426112791,43.8628958798206,9.06238068198698,-29.279,11.069,-0.175,-6.12833333333333,433.571909333333,20.8223896163081,979.813227,31.3019684205323,31.3014792302217,1
1.268,0.103,-0.128,0.414333333333333,0.559900333333333,0.748264881798774,1.634817,1.27859962458934,1.27217648146788,0,5.76427436430931,-29.279,-4.59,-0.754,-11.541,239.656207,15.4808335369902,878.896457,29.6461878999645,29.6365979997705,1
1.268,0.103,-0.128,0.414333333333333,0.559900333333333,0.748264881798774,1.634817,1.27859962458934,1.27217648146788,0,5.76427436430931,-14.905,-19.086,-0.754,-11.5816666666667,92.2989643333334,9.60723499938111,587.002937,24.2281434905772,24.2164080945131,1
1.348,0.103,-0.128,0.441,0.630327,0.793931357234364,1.844097,1.3579753311456,1.35192936206002,0,5.4242850409439,-14.905,-19.086,-18.729,-17.5733333333333,5.37186433333333,2.31772826995171,937.209862,30.6138834844585,24.2164080945131,1
1.348,1.073,-0.044,0.792333333333333,0.543496333333333,0.737222038013876,2.970369,1.72347584839475,1.72291410116697,0,1.86952488703843,-14.905,-19.086,-21.903,-18.6313333333333,12.3980423333333,3.521085391372,1066.17583,32.6523480013306,24.2164080945131,1
1.348,1.073,0.007,0.809333333333333,0.501710333333333,0.70831513702118,2.968482,1.72292832120202,1.72291410116697,0,-0.297527337954901,32.977,-5.964,-21.903,1.70333333333334,797.044600333333,28.2319783283661,1602.793234,40.0349001997008,33.5119654004357,1
0.49,0.932,0.007,0.476333333333333,0.214046333333333,0.462651416655492,1.108773,1.05298290584415,1.05295963835277,60.6594184249763,-0.818455461688614,62.701,-5.964,-19.736,12.3336666666667,1950.06819633333,44.1595764963086,4356.494393,66.0037452952482,62.984003500889,1
0.49,0.397,0.007,0.298,0.065673,0.256267438431027,0.397758,0.630680584765379,0.630641736646093,60.6594184249763,-0.818455461688614,62.701,-5.964,30.587,29.108,1180.361137,34.3563842247696,4902.549266,70.0182066751213,62.984003500889,1
1.158,0.218,0.01,0.462,0.374128,0.611660036294672,1.388588,1.17838363871873,1.17834120695153,0,-0.494769907886556,20.556,39.172,30.587,30.105,86.813107,9.31735515047055,2892.559289,53.7825184330373,44.2379330439387,1
1.158,0.185,0.128,0.490333333333333,0.335146333333333,0.578918244084027,1.391573,1.17964952422319,1.17268452705747,0,-6.30760647197487,20.556,39.172,30.587,30.105,86.813107,9.31735515047055,2892.559289,53.7825184330373,44.2379330439387,1
1.07,0.138,0.128,0.445333333333333,0.292681333333333,0.541000308071385,1.180328,1.08642901286738,1.07886236378882,0,-6.82165755174826,20.556,39.172,36.477,32.0683333333333,101.216120333333,10.0606222637237,3287.566249,57.3373024217219,44.2379330439387,1
0.542,-0.218,0.128,0.150666666666667,0.144785333333333,0.380506679748639,0.357672,0.598056853484683,0.58419859636942,57.1801084291935,-13.2876478334201,2.856,0.009,36.477,13.114,411.398679,20.2829652417984,1338.728346,36.5886368426046,2.85601418063706,1
0.542,-0.218,0.233,0.185666666666667,0.146080333333333,0.382204570005819,0.395577,0.628949123538621,0.58419859636942,57.1801084291935,-23.2623516485926,2.856,0.009,-98.746,-31.9603333333333,3347.27030633333,57.8555987466497,9758.929333,98.7872933782478,2.85601418063706,1
0.542,0.653,0.233,0.476,0.047367,0.217639610365393,0.774462,0.880035226567664,0.848630072528661,57.1801084291935,-23.2623516485926,2.856,0.305,-98.746,-31.8616666666667,3356.76243433333,57.9375735972204,9759.022277,98.7877638020013,2.87223971840792,1
0.952,0.653,0.134,0.579666666666667,0.171314333333333,0.413901357008326,1.350669,1.16218285996654,1.15443189491628,17.8242358246438,-8.01210591709219,-1.325,0.305,0.092,-0.309333333333333,0.785026333333333,0.886017117968571,1.857114,1.36275970002051,1.35965069043486,1
0.952,0.306,0.073,0.443666666666667,0.207374333333333,0.455383720979718,1.005269,1.00263103881737,0.999969999549987,17.8242358246438,-4.38489803431018,0.506,0.305,0.192,0.334333333333333,0.0252943333333333,0.159041923194274,0.385925,0.621228621362538,0.590813845470805,1
0.946,0.297,0.073,0.438666666666667,0.205584333333333,0.453414085944993,0.988454,0.994210239335725,0.991526600752597,18.9150927972829,-4.41259973177751,0.506,-0.837,0.192,-0.0463333333333333,0.493514333333333,0.7025057532386,0.993469,0.996729150772666,0.97806185898439,1
0.946,0.29,0.073,0.436333333333333,0.206592333333333,0.454524293446823,0.984345,0.99214162295511,0.989452373790674,18.9150927972829,-4.41259973177751,0.506,-0.837,0.192,-0.0463333333333333,0.493514333333333,0.7025057532386,0.993469,0.996729150772666,0.97806185898439,1
0.914,0.246,0.054,0.404666666666667,0.203781333333333,0.451421458654031,0.898828,0.948065398588093,0.946526280670537,23.9358893976888,-3.38115942645087,0.506,-0.837,0.192,-0.0463333333333333,0.493514333333333,0.7025057532386,0.993469,0.996729150772666,0.97806185898439,1
0.949,0.266,0.091,0.435333333333333,0.205546333333333,0.453372179708166,0.979638,0.98976663916299,0.985574451779266,18.377480657165,-5.47736872882888,1.086,-0.501,2.206,0.930333333333333,1.85013633333333,1.36019716708032,6.296833,2.50934911879555,1.19599205682981,1
0.949,0.266,0.094,0.436333333333333,0.204516333333333,0.452234821009322,0.980193,0.990046968582804,0.985574451779266,18.377480657165,-5.65678868590948,1.086,-0.867,2.206,0.808333333333333,2.41865633333333,1.55520298782292,6.797521,2.6072055922002,1.38963484412273,1
0.949,0.273,0.098,0.44,0.201967,0.449407387567227,0.984734,0.992337644151425,0.987486708771313,18.377480657165,-5.89584167481743,-0.47,-0.867,1.779,0.147333333333333,2.03615433333333,1.42693879803352,4.13743,2.03406735385041,0.986199269924694,1
0.949,0.275,0.098,0.440666666666667,0.201634333333333,0.449037117990633,0.98583,0.992889721973191,0.988041497104246,18.377480657165,-5.89584167481743,-0.501,-0.867,1.779,0.137,2.055612,1.43374056230547,4.167531,2.04145315890422,1.00134409670203,1
0.945,0.275,0.094,0.438,0.200977,0.448304583960503,0.977486,0.988678916534585,0.98420018288964,19.0910525128604,-5.68057649129717,-0.531,-1.325,0.649,-0.402333333333333,0.986585333333333,0.993270020353647,2.458787,1.56805197617936,1.42744036653025,1
0.945,0.267,0.094,0.435333333333333,0.202302333333333,0.449780316747335,0.97315,0.986483654198081,0.981994908337105,19.0910525128604,-5.68057649129717,-2.027,-1.325,0.131,-1.07366666666667,1.21161733333333,1.10073490602112,5.881515,2.42518349821204,2.42164283080722,1
0.946,0.265,0.094,0.435,0.203151,0.45072275292024,0.973977,0.98690273076935,0.982415899708469,18.9150927972829,-5.67461086495578,-2.027,0.537,-0.297,-0.595666666666667,1.71042533333333,1.30783230321526,4.485307,2.11785433871171,2.09692584513616,1
0.946,0.262,0.091,0.433,0.204687,0.452423474192045,0.971841,0.9858199632793,0.981610920884645,18.9150927972829,-5.49463268368018,-0.898,0.994,-0.602,-0.168666666666667,1.03574933333333,1.01771770807692,2.156844,1.46861976018301,1.33956709425097,1
0.946,0.262,0.091,0.433,0.204687,0.452423474192045,0.971841,0.9858199632793,0.981610920884645,18.9150927972829,-5.49463268368018,0.262,1.696,-0.968,0.33,1.777692,1.33330116627865,3.882084,1.9703004846977,1.71611771158041,1
0.952,0.26,0.089,0.433666666666667,0.208812333333333,0.456959881535932,0.981825,0.990870829119518,0.986865745681752,17.8242358246438,-5.34090960809061,1.086,2.124,-1.09,0.706666666666667,2.69036933333333,1.64023453607505,6.878872,2.62276037792247,2.38553390250485,1
0.952,0.26,0.089,0.433666666666667,0.208812333333333,0.456959881535932,0.981825,0.990870829119518,0.986865745681752,17.8242358246438,-5.34090960809061,2.307,2.49,-1.09,1.23566666666667,4.06491633333333,2.01616376649649,12.710449,3.56517166487113,3.39445857243832,1
0.952,0.258,0.089,0.433,0.209161,0.45734122928072,0.980789,0.990347918662931,0.986340711924637,17.8242358246438,-5.34090960809061,2.704,2.49,-0.663,1.51033333333333,3.55398233333333,1.88520087347034,13.951285,3.73514189824162,3.67582861406785,1
0.95,0.258,0.09,0.432666666666667,0.207781333333333,0.455830377808822,0.977164,0.988516059555939,0.984410483487453,18.1948723387668,-5.41186915231703,2.704,2.062,-0.419,1.449,2.720109,1.64927529539492,11.739021,3.42622547419168,3.40050878546138,1
0.95,0.259,0.098,0.435666666666667,0.204884333333333,0.452641506419079,0.979185,0.98953777088093,0.984673042182023,18.1948723387668,-5.88967917498685,0.872,1.422,-0.144,0.716666666666667,0.631185333333333,0.794471732243088,2.803204,1.67427715746229,1.66807313988326,1
0.95,0.263,0.106,0.439666666666667,0.201492333333333,0.448878974037917,0.982905,0.991415654506222,0.985732722394869,18.1948723387668,-6.36666853677623,0.842,1.208,-0.114,0.645333333333333,0.465929333333333,0.682590164984329,2.181224,1.47689674656016,1.47249040743904,1
0.95,0.267,0.106,0.441,0.200791,0.448097087694174,0.985025,0.992484256802092,0.986807478690753,18.1948723387668,-6.36666853677623,0.018,1.208,0.527,0.584333333333333,0.356490333333333,0.597068114483878,1.737317,1.3180732149619,1.20813409851721,1
0.951,0.267,0.106,0.441333333333333,0.201300333333333,0.448665056956003,0.986926,0.993441492992919,0.98777021619403,18.010475910494,-6.36002871436591,-0.074,1.208,0.558,0.564,0.410908,0.641021060496455,1.776104,1.33270551886004,1.21026443391517,1
0.951,0.267,0.098,0.438666666666667,0.204004333333333,0.451668388680604,0.985294,0.992619766073596,0.98777021619403,18.010475910494,-5.88352949887709,-0.165,1.269,0.558,0.554,0.514101,0.717008368152004,1.94895,1.39604799344435,1.27968199174639,1
0.951,0.271,0.095,0.439,0.204352,0.452053094226773,0.986867,0.993411797795859,0.988858938372911,18.010475910494,-5.70462793403207,-0.318,1.269,0.558,0.503,0.631911,0.794928298653407,2.022849,1.42226896190559,1.30823736378381,1
0.948,0.272,0.095,0.438333333333333,0.202652333333333,0.450169227439341,0.981713,0.990814311563978,0.986249461343326,18.5583536994437,-5.72256092416906,-0.501,0.903,0.283,0.228333333333333,0.495045333333333,0.703594580233058,1.146499,1.0707469355548,1.03267129329715,1
0.948,0.275,0.097,0.44,0.201469,0.448852982612347,0.983738,0.991835671873118,0.987081050370232,18.5583536994437,-5.84221106921796,-0.653,0.903,-0.419,-0.0563333333333333,0.703929333333333,0.83900496621494,1.417379,1.19053727367101,1.11436887968033,1
0.948,0.275,0.097,0.44,0.201469,0.448852982612347,0.983738,0.991835671873118,0.987081050370232,18.5583536994437,-5.84221106921796,-0.898,0.994,-0.419,-0.107666666666667,0.967612333333333,0.983672879230353,1.970001,1.40356724099702,1.33956709425097,1
0.947,0.275,0.1,0.440666666666667,0.199936333333333,0.447142408336912,0.982434,0.991178086924847,0.98612068226967,18.7375417673679,-6.02790194301724,-1.05,0.994,-0.175,-0.077,1.051687,1.0255179179322,2.121161,1.45642061232324,1.44586859707236,1
0.95,0.275,0.1,0.441666666666667,0.201458333333333,0.448841100316508,0.988125,0.994044767603552,0.989002022242624,18.1948723387668,-6.00900595749452,-1.538,0.476,-0.175,-0.412333333333333,1.05629433333333,1.02776180768373,2.622645,1.61945824274663,1.6099751550878,1
0.95,0.273,0.1,0.441,0.201793,0.449213757580954,0.987029,0.993493331633383,0.98844777302597,18.1948723387668,-6.00900595749452,-1.691,0.323,-0.205,-0.524333333333333,1.09052933333333,1.04428412481151,3.005835,1.73373440872586,1.72157195609129,1
0.95,0.269,0.104,0.441,0.201117,0.448460700619352,0.985677,0.992812671152016,0.987350495011777,18.1948723387668,-6.24750163573888,-1.691,0.323,-0.205,-0.524333333333333,1.09052933333333,1.04428412481151,3.005835,1.73373440872586,1.72157195609129,1
0.953,0.269,0.104,0.442,0.202647,0.450163303702112,0.991386,0.995683684711164,0.990237345286472,17.6360936204484,-6.22798957949905,-1.599,0.292,0.039,-0.422666666666667,1.05382233333333,1.02655848997187,2.643586,1.62591082166274,1.62544301653426,1
0.953,0.269,0.104,0.442,0.202647,0.450163303702112,0.991386,0.995683684711164,0.990237345286472,17.6360936204484,-6.22798957949905,-1.599,0.14,0.344,-0.371666666666667,1.14016433333333,1.06778477856417,2.694737,1.64156541142898,1.60511712968244,1
0.946,0.281,0.097,0.441333333333333,0.199480333333333,0.446632212601524,0.983286,0.991607785366775,0.986852065914644,18.9150927972829,-5.85447676391994,-1.599,0.065,0.466,-0.356,1.198987,1.09498264826435,2.778182,1.66678792892197,1.60032059288131,1
0.946,0.281,0.097,0.441333333333333,0.199480333333333,0.446632212601524,0.983286,0.991607785366775,0.986852065914644,18.9150927972829,-5.85447676391994,-1.599,0.018,0.863,-0.239333333333333,1.56502633333333,1.25101012519217,3.301894,1.81711144402318,1.5991013101114,1
0.946,0.276,0.097,0.439666666666667,0.200290333333333,0.44753808031645,0.980501,0.990202504541369,0.985440003247281,18.9150927972829,-5.85447676391994,-1.355,0.018,0.863,-0.158,1.253113,1.11942529898158,2.581118,1.60658582092585,1.35511955192153,1
0.946,0.276,0.099,0.440333333333333,0.199606333333333,0.446773245990999,0.980893,0.990400424070992,0.985440003247281,18.9150927972829,-5.97432328648062,-1.355,0.17,0.802,-0.127666666666667,1.22961633333333,1.10888066685885,2.508129,1.58370735933126,1.36562256864772,1
0.945,0.277,0.099,0.440333333333333,0.198937333333333,0.446023915651766,0.979555,0.989724709199482,0.984760884682165,19.0910525128604,-5.98059952476345,-1.722,0.17,0.71,-0.280666666666667,1.63098133333333,1.27709879544745,3.498284,1.87037001686832,1.73037105847272,1
0.945,0.277,0.103,0.441666666666667,0.197577333333333,0.444496719147997,0.980363,0.990132819373239,0.984760884682165,19.0910525128604,-6.22038197267017,-1.722,-0.043,0.71,-0.351666666666667,1.55011233333333,1.24503507313382,3.471233,1.86312452616566,1.7225367920599,1
0.947,0.278,0.103,0.442666666666667,0.198420333333333,0.445443973282088,0.984702,0.992321520476101,0.986961498742479,18.7375417673679,-6.20734760762177,-1.752,-0.074,0.71,-0.372,1.581964,1.25776150362459,3.57908,1.89184565966677,1.75356208900626,1
0.947,0.279,0.103,0.443,0.198256,0.445259474913224,0.985259,0.992602135802659,0.987243637609278,18.7375417673679,-6.20734760762177,-1.752,-0.226,0.71,-0.422666666666667,1.54436933333333,1.24272657223274,3.62468,1.90385923849427,1.76651634580606,1
0.94,0.279,0.103,0.440666666666667,0.194744333333333,0.441298462872162,0.97205,0.985925960709018,0.98053097860292,19.9484435888027,-6.25320767941112,-1.294,-0.531,0.649,-0.392,0.958303,0.978929517381103,2.377598,1.54194617286078,1.39871262237816,1
0.94,0.28,0.099,0.439666666666667,0.195940333333333,0.442651480663211,0.971801,0.985799675390492,0.980815986819138,19.9484435888027,-6.01217883264429,-1.294,-0.531,0.263,-0.520666666666667,0.606142333333333,0.778551432683373,2.025566,1.42322380530962,1.39871262237816,1
0.95,0.28,0.097,0.442333333333333,0.201666333333333,0.449072748375286,0.990309,0.995142703334552,0.99040395798886,18.1948723387668,-5.82999648556313,-1.996,-1.111,-0.724,-1.277,0.425163,0.652045243828985,5.742513,2.39635410571977,2.28436796510545,1
0.95,0.282,0.099,0.443666666666667,0.200652333333333,0.447942332597996,0.991825,0.995904111850132,0.990971240753232,18.1948723387668,-5.94934904071727,-3.858,-1.111,-1.426,-2.13166666666667,2.25997633333333,1.50332176640044,18.151961,4.2605118237132,4.01478330673026,1
0.945,0.282,0.097,0.441333333333333,0.198816333333333,0.445888252069208,0.981958,0.990937939530019,0.986178989839066,19.0910525128604,-5.86062887791795,-3.858,-1.111,-1.426,-2.13166666666667,2.25997633333333,1.50332176640044,18.151961,4.2605118237132,4.01478330673026,1
0.944,0.276,0.099,0.439666666666667,0.198596333333333,0.445641485202324,0.977113,0.988490262976829,0.983520208231636,19.2654645653945,-5.9868889156576,-3.644,9.814,-1.67,1.5,52.816116,7.26746971097919,112.382232,10.6010486273764,10.468683393818,1
0.944,0.269,0.097,0.436666666666667,0.200436333333333,0.447701165213285,0.972906,0.98635997485705,0.981578830252568,19.2654645653945,-5.86679389001606,11.157,9.814,-4.203,5.58933333333333,72.3682563333333,8.50695341078893,238.458454,15.4421000514826,14.8591131969576,1
0.962,0.269,0.096,0.442333333333333,0.210022333333333,0.458281936512158,1.007021,1.00350435973144,0.998901897084994,15.8458075497508,-5.69879902907975,13.354,9.814,-5.271,5.96566666666667,97.8299083333333,9.89090027921288,302.427353,17.3904385511119,16.5723840167913,1
0.968,0.264,0.096,0.442666666666667,0.214037333333333,0.462641690007865,1.015936,1.00793650593676,1.00335437408724,14.533746901085,-5.66370625802057,19.671,4.626,-5.271,6.342,157.734333,12.5592329781719,436.131558,20.8837630229803,20.2076252192087,1
0.968,0.223,0.096,0.429,0.221923,0.471087040789704,0.995969,0.99798246477581,0.993354418120743,14.533746901085,-5.66370625802057,19.671,4.412,-5.271,6.27066666666667,158.116822333333,12.5744511742395,434.197426,20.8374044928825,20.1597119275053,1
0.961,0.196,0.104,0.420333333333333,0.221356333333333,0.470485210536243,0.972753,0.986282413916014,0.980783870177319,16.0543080742742,-6.176546070959,15.46,3.131,-4.569,4.674,102.075847,10.103259226606,269.690522,16.4222569094507,15.7738632237001,1
0.961,0.196,0.104,0.420333333333333,0.221356333333333,0.470485210536243,0.972753,0.986282413916014,0.980783870177319,16.0543080742742,-6.176546070959,9.112,0.872,-3.898,2.02866666666667,43.3184333333333,6.5816740524986,98.983332,9.94903673729271,9.15362922561319,1
0.961,0.21,0.091,0.420666666666667,0.222510333333333,0.471710009787087,0.975902,0.98787752277294,0.98367728447901,16.0543080742742,-5.40938111447361,5.114,-1.661,-3.165,0.0959999999999999,19.450747,4.41030010316758,38.929142,6.23932223883332,5.37698028636892,1
0.957,0.242,0.067,0.422,0.222325,0.471513520484832,0.978902,0.989394764489888,0.987123599150583,16.8632195997888,-4.00476872292103,3.039,-2.82,-3.165,-0.982,12.156087,3.48655804483448,27.205146,5.21585525105902,4.14583176214376,1
0.952,0.255,0.067,0.424666666666667,0.217396333333333,0.466257797075109,0.975818,0.987835006466161,0.985560246763231,17.8242358246438,-4.02573319497267,1.117,-3.644,-2.646,-1.72433333333333,6.30388233333333,2.51075333980328,21.527741,4.63979967239966,3.8113547460188,1
0.952,0.258,0.078,0.429333333333333,0.212985333333333,0.461503340544067,0.978952,0.989420032140041,0.986340711924637,17.8242358246438,-4.68393973620515,1.117,-3.644,-2.616,-1.71433333333333,6.27653233333333,2.50530084687116,21.369881,4.62275686144102,3.8113547460188,1
0.949,0.279,0.093,0.440333333333333,0.202705333333333,0.450228090342366,0.987091,0.99352453417115,0.989162271823992,18.377480657165,-5.59699422439381,1.788,-1.264,-2.463,-0.646333333333333,4.80388433333333,2.19177652449636,10.861009,3.2956044969019,2.18966664129497,1
0.925,0.303,0.095,0.441,0.186508,0.431865719871351,0.956459,0.977987218730388,0.973362214183394,22.3316450092215,-5.86387201076894,3.314,0.75,-1.548,0.838666666666667,5.91565733333333,2.43221243589727,13.9414,3.73381842086623,3.39780752839239,1
0.897,0.315,0.095,0.435666666666667,0.171721333333333,0.41439272837893,0.912859,0.955436549436958,0.950701846006412,26.2335096359576,-6.04557843408288,4.351,0.75,-0.236,1.62166666666667,5.82999433333333,2.41453812008287,19.549397,4.42147000442161,4.41516715425362,1
0.879,0.315,0.101,0.431666666666667,0.161529333333333,0.401907120281954,0.882067,0.939184220480732,0.933737650520745,28.4780316848426,-6.55472811040797,4.351,-0.501,0.619,1.48966666666667,6.45402133333333,2.54047659570667,19.565363,4.42327514405333,4.37974907957066,1
0.871,0.276,0.101,0.416,0.162925,0.403639690813478,0.845018,0.91924860619965,0.91368320549302,29.4249453057367,-6.61440119158476,3.985,-0.501,2.236,1.90666666666667,5.11239433333333,2.26106044442278,21.130922,4.59683826124,4.01636975389468,1
0.871,0.276,0.09,0.412333333333333,0.166430333333333,0.40795873974378,0.842917,0.918105113807782,0.91368320549302,29.4249453057367,-5.89940809102194,3.985,-0.531,2.236,1.89666666666667,5.18492433333333,2.27704289229108,21.161882,4.60020456066901,4.02022213316628,1
0.903,0.244,0.065,0.404,0.194761,0.441317346135409,0.87917,0.937640656115124,0.93538494749488,25.4447505453978,-4.11717973079105,1.941,-22.848,0.285,-6.874,192.062091,13.8586467954126,525.87981,22.9320694661428,22.9302984062572,1
0.903,0.138,0.065,0.368666666666667,0.215466333333333,0.464183512560855,0.838678,0.915793644878583,0.913483990007488,25.4447505453978,-4.11717973079105,-32.727,-33.46,0.285,-21.9673333333333,371.509076333333,19.2745707172257,2190.709354,46.805014197199,46.8041464936602,1
0.836,0.138,0.065,0.346333333333333,0.181162333333333,0.425631687416871,0.722165,0.849802918328715,0.847313401286679,33.2798909446823,-4.44587099106414,-42.554,-59.949,0.497,-34.002,968.282257,31.1172340833822,5404.972526,73.5185182522064,73.5168383229312,1
0.588,0.249,0.069,0.302,0.069447,0.263527987128502,0.412506,0.642266299909936,0.638549136715414,53.9847897828842,-6.69287535783409,-52.686,-61.414,0.497,-37.8676666666667,1122.93023233333,33.5101511833852,6547.741001,80.9181129352384,80.9165866309251,1
0.399,0.281,0.069,0.249666666666667,0.0279613333333333,0.167216426625297,0.242923,0.492872194387145,0.48801844227447,66.484321477415,-9.81125686799605,-52.686,-61.414,0.141,-37.9863333333333,1109.31465633333,33.3063756108847,6547.513873,80.916709479563,80.9165866309251,1
0.399,0.281,-0.081,0.199666666666667,0.0625613333333333,0.250122636587202,0.244723,0.49469485544121,0.48801844227447,66.484321477415,11.475526751423,-50.214,-0.694,-0.408,-17.1053333333333,822.158305333333,28.6733030070366,2522.093896,50.2204529649027,50.2187956048331,1
0.751,0.318,-0.081,0.329333333333333,0.173152333333333,0.416115769147642,0.671686,0.819564518509678,0.815551960331161,41.322924623799,6.15590771043632,-41.761,0.27,-1.548,-14.3463333333333,564.499242333333,23.7591927963332,1746.450325,41.7905530592741,41.7618728148056,1
0.751,0.331,-0.012,0.356666666666667,0.146036333333333,0.382147004872907,0.673706,0.820795955155726,0.820708230737331,41.322924623799,0.915433885997863,-41.761,35.937,-1.548,-2.45733333333333,1509.86496633333,38.8569809214938,3037.845394,55.1166526015505,55.0949098374795,1
0.947,0.403,0.069,0.473,0.196396,0.443165883163404,1.063979,1.03149357729459,1.02918317125767,18.7375417673679,-4.1673020109488,-104.2,68.774,-9.299,-14.9083333333333,7503.59963433333,86.6233203839089,15673.974477,125.195744644137,124.849922210629,1
0.947,0.784,0.178,0.636333333333333,0.164194333333333,0.405208999571003,1.543149,1.24223548492224,1.22941652827673,18.7375417673679,-10.6452239635176,-104.2,68.774,-9.299,-14.9083333333333,7503.59963433333,86.6233203839089,15673.974477,125.195744644137,124.849922210629,1
1.477,0.994,0.178,0.883,0.431091,0.656575205136472,3.201249,1.78920345405435,1.78032721711488,0,-6.87183504581365,-104.2,2.843,0.069,-33.7626666666667,3722.98721433333,61.0162864679041,10865.72741,104.238799925939,104.238777088951,1
1.477,0.994,0.178,0.883,0.431091,0.656575205136472,3.201249,1.78920345405435,1.78032721711488,0,-6.87183504581365,-53.907,-1.14,0.407,-18.2133333333333,956.126682333334,30.9212981993534,2907.429898,53.9205888135506,53.9190527457596,1
1.005,0.398,0.114,0.505666666666667,0.207164333333333,0.455153087799406,1.181425,1.08693376063125,1.08093894369664,0,-6.47156081036369,17.047,-2.665,0.407,4.92966666666667,112.481621333333,10.6057353037559,297.868083,17.2588552053721,17.254055581225,1
0.967,0.29,0.067,0.441333333333333,0.219676333333333,0.468696419159922,1.023678,1.0117697366496,1.00954890916686,14.7603345814695,-3.96348704168907,17.047,-10.957,0.407,2.16566666666667,198.375685333333,14.0845903502137,410.821707,20.2687371831597,20.2646504534374,1
0.95,0.246,0.067,0.421,0.217891,0.46678796042743,0.967505,0.983618320284855,0.98133378623178,18.1948723387668,-4.03418046895126,17.047,-10.957,0.252,2.114,198.656287,14.0945481303942,410.719562,20.2662172592716,20.2646504534374,1
0.961,0.235,0.056,0.417333333333333,0.229690333333333,0.479260193770913,0.981882,0.99089959128057,0.989315925273621,16.0543080742742,-3.33500443431933,2.765,-10.957,0.236,-2.652,53.328729,7.3026521894446,127.75677,11.3029540386573,11.3004899893766,1
0.954,0.235,0.052,0.413666666666667,0.227342333333333,0.476804292486271,0.968045,0.983892778711177,0.982517684319219,17.445987705778,-3.11995299168339,-1.477,0.163,0.236,-0.359333333333333,0.938216333333334,0.968615678859956,2.263794,1.50459097431827,1.48596702520614,1
0.961,0.235,0.052,0.416,0.231141,0.480771255380352,0.98145,0.990681583557502,0.989315925273621,16.0543080742742,-3.09727141689659,-1.477,0.964,-0.083,-0.198666666666667,1.49965433333333,1.22460374543496,3.117714,1.76570495836649,1.76375310063512,1
0.957,0.242,0.048,0.415666666666667,0.229190333333333,0.478738272267147,0.976717,0.988289937214783,0.987123599150583,16.8632195997888,-2.87136329037789,0.964,1.666,-0.083,0.849,0.774669,0.880152827638473,3.711741,1.92658791649901,1.9247992103074,1
0.957,0.242,0.052,0.417,0.227725,0.477205406507512,0.977117,0.988492286262265,0.987123599150583,16.8632195997888,-3.11019180655846,1.605,1.666,-0.083,1.06266666666667,0.985344333333333,0.992645119533327,5.35847,2.31483692730179,2.31334843895164,1
0.957,0.243,0.052,0.417333333333333,0.227550333333333,0.477022361460481,0.977602,0.988737578935887,0.987369231847945,16.8632195997888,-3.11019180655846,1.605,1.666,0.249,1.17333333333333,0.641724333333333,0.801076983400056,5.413582,2.3267105535498,2.31334843895164,1
0.955,0.242,0.052,0.416333333333333,0.226646333333333,0.476073873819319,0.973293,0.986556131195788,0.985184754246634,17.2538531173573,-3.11669246935351,0,1.666,0.249,0.638333333333333,0.807574333333333,0.898651397001826,2.837557,1.68450497179438,1.666,1
