0.939,0.271,0.077,0.429,0.204484,0.452199071206477,0.961091,0.980352487628812,0.977323897180459,20.1157080544961,-4.6878870682586,0.628,0,0.942,0.523333333333333,0.230057333333333,0.479642922738711,1.281748,1.13214310049569,0.628,1
0.939,0.273,0.077,0.429666666666667,0.204169333333333,0.451851007892351,0.962179,0.980907233126558,0.977880360780397,20.1157080544961,-4.6878870682586,0.628,-1.081,1.473,0.34,1.692937,1.30112912502949,3.732674,1.93201293991526,1.2501779873282,1
0.939,0.273,0.077,0.429666666666667,0.204169333333333,0.451851007892351,0.962179,0.980907233126558,0.977880360780397,20.1157080544961,-4.6878870682586,0.75,-1.081,1.473,0.380666666666667,1.73303433333333,1.31644761890982,3.90079,1.97504177171016,1.31569791365647,1
0.945,0.273,0.083,0.433666666666667,0.205121333333333,0.452903227338174,0.974443,0.987138794699104,0.983643228004951,19.0910525128604,-5.01944711309915,0.75,-1.081,1.321,0.33,1.574701,1.2548709096955,3.476102,1.86443074422195,1.31569791365647,1
0.945,0.25,0.086,0.427,0.207967,0.456033989961275,0.962921,0.981285381527718,0.977509590745789,19.0910525128604,-5.19989554062663,-0.257,-0.837,0.1,-0.331333333333333,0.223636333333333,0.472902033547471,0.776618,0.881259326191786,0.875567244704826,1
0.945,0.25,0.086,0.427,0.207967,0.456033989961275,0.962921,0.981285381527718,0.977509590745789,19.0910525128604,-5.19989554062663,-0.714,-0.715,0.039,-0.463333333333333,0.189254333333333,0.43503371516853,1.022542,1.01120818825799,1.0104558377287,1
0.941,0.274,0.086,0.433666666666667,0.201876333333333,0.44930650266086,0.967953,0.983846024538393,0.980080098767443,19.7798228123058,-5.22187730053441,-0.714,-0.318,-0.846,-0.626,0.075504,0.274779911929529,1.326636,1.15179685708896,0.781613715335139,1
0.935,0.282,0.09,0.435666666666667,0.196216333333333,0.442963128638641,0.961849,0.980739007075787,0.976600737251411,20.7718550453282,-5.49816272498099,0.262,0.537,-0.945,-0.0486666666666667,0.621466333333333,0.788331360110286,1.250038,1.11805098273737,0.597505648508866,1
0.929,0.303,0.112,0.448,0.182641,0.427365183420456,0.967394,0.983561894341175,0.977164264594239,21.7205339752639,-6.87438688651081,10.119,8.074,-13.969,1.408,178.384603,13.3560698934979,362.716598,19.0451200573795,12.9454098814985,1
0.929,0.304,0.112,0.448333333333333,0.182496333333333,0.42719589573559,0.968001,0.983870418297044,0.977474807859517,21.7205339752639,-6.87438688651081,12.194,8.074,-16.349,1.30633333333333,238.026696333333,15.4281138294133,481.172913,21.9356539223247,14.6247431430436,1
0.929,0.304,0.112,0.448333333333333,0.182496333333333,0.42719589573559,0.968001,0.983870418297044,0.977474807859517,21.7205339752639,-6.87438688651081,14.972,7.128,-16.349,1.917,265.617151,16.2977652148999,542.258969,23.2864546249531,16.5821943059415,1
0.931,0.302,0.112,0.448333333333333,0.183750333333333,0.428661093794776,0.970509,0.985144151888443,0.978756864599171,21.4087629292759,-6.85976000552581,15.399,7.128,-12.961,3.18866666666667,212.711160333333,14.5846206784178,455.925106,21.3524028156084,16.9687237292614,1
0.955,0.281,0.115,0.450333333333333,0.197905333333333,0.444865522751914,1.004211,1.00210328808961,0.995482797440518,17.2538531173573,-6.86642980249771,15.399,9.051,-9.055,5.13166666666667,161.020409333333,12.6893817553628,401.042827,20.0260537051112,17.8619652334227,1
0.955,0.271,0.117,0.447666666666667,0.198969333333333,0.446059786725203,0.999155,0.999577410709146,0.992706401712007,17.2538531173573,-6.98467631619903,14.331,9.051,-5.424,5.986,104.610675,10.2279360087947,316.717938,17.7965709618454,16.9498720349152,1
0.947,0.271,0.117,0.445,0.194932,0.441511041764529,0.983939,0.991936993966855,0.985012690273582,18.7375417673679,-7.04309081333441,12.317,7.434,-2.463,5.76266666666667,56.7071163333333,7.53041275982488,213.039214,14.5958629070021,14.386550837501,1
0.945,0.295,0.099,0.446333333333333,0.196105333333333,0.442837818318776,0.989851,0.994912558971893,0.989974747152674,19.0910525128604,-5.98059952476345,12.317,6.182,-0.327,6.05733333333333,39.9793403333333,6.32292181932794,190.032542,13.7852291239573,13.7813501878444,1
0.941,0.313,0.07,0.441333333333333,0.202012333333333,0.44945782152871,0.98835,0.99415793513908,0.991690475904654,19.7798228123058,-4.25433687527608,12.317,4.229,1.443,5.99633333333333,31.9035693333333,5.64832447132186,171.675179,13.1024875119193,13.0227850323961,1
0.94,0.313,0.05,0.434333333333333,0.209066333333333,0.457237720811979,0.984069,0.992002520158089,0.990741641397998,19.9484435888027,-3.04477844419398,15.704,4.229,1.443,7.12533333333333,57.1355903333333,7.55880879063185,266.582306,16.3273484068908,16.2634577196856,1
0.94,0.298,0.037,0.425,0.215949,0.464703131041744,0.973773,0.986799371706326,0.986105471032384,19.9484435888027,-2.25409576399875,15.704,1.483,1.718,6.30166666666667,66.3167103333333,8.14350725015539,251.766429,15.8671493659069,15.7738677882123,1
0.984,0.23,0.021,0.411666666666667,0.256594333333333,0.506551412329818,1.021597,1.01074081742057,1.01052263705471,10.2630958986226,-1.2225901919771,13.903,-1.294,9.927,7.512,62.111371,7.88107676653387,293.513174,17.132226183424,13.9630886626133,1
0.984,0.228,0.021,0.411,0.256959,0.506911234833082,1.020681,1.01028758281986,1.01006930455291,10.2630958986226,-1.2225901919771,10.913,-7.032,10.934,4.93833333333333,107.466770333333,10.3666180759847,288.094949,16.9733599796858,12.9823955031419,1
0.966,0.218,0.025,0.403,0.247039,0.497030180170178,0.981305,0.990608398914526,0.990292885968591,14.9835710861711,-1.4824791144978,5.999,-8.71,11.727,3.00533333333333,111.139272333333,10.5422612533238,249.37463,15.7915999822691,10.5760153649661,1
0.939,0.208,0.025,0.390666666666667,0.233874333333333,0.483605555523645,0.92561,0.962086274717606,0.961761404923279,20.1157080544961,-1.5250864590496,1.147,-8.71,12.368,1.60166666666667,111.225562333333,10.5463530347383,230.147133,15.170600943931,8.78519829030626,1
0.939,0.184,0.014,0.379,0.242425,0.492366733238549,0.915773,0.956960291757187,0.956857878684186,20.1157080544961,-0.854186884411585,-2.942,-6.208,12.551,1.13366666666667,100.433314333333,10.0216422972152,204.722229,14.308117591074,6.86983464138694,1
0.946,0.184,0.006,0.378666666666667,0.249321333333333,0.499320872118654,0.928808,0.963746854728979,0.963728177444242,18.9150927972829,-0.363393306012364,-7.459,-6.208,12.551,-0.372,125.644197,11.2091122306809,251.703546,15.8651676953003,9.70442914343755,1
0.952,0.217,0.005,0.391333333333333,0.246996333333333,0.496987256711209,0.953418,0.976431257180965,0.976418455376587,17.8242358246438,-0.300920444829046,-9.351,-41.987,0.301,-17.0123333333333,491.090757333333,22.1605676220925,1850.439971,43.016740590147,43.0156874872412,1
0.958,0.228,0.005,0.397,0.248473,0.498470661122598,0.969773,0.98477053164684,0.984757838252634,16.6645713738191,-0.299035799966839,-9.351,-41.987,0.282,-17.0186666666667,490.761924333333,22.1531470525822,1850.428894,43.016611837754,43.0156874872412,1
0.958,0.228,-0.004,0.394,0.252028,0.502023903813354,0.969764,0.984765962043774,0.984757838252634,16.6645713738191,0.239229421953588,5.298,612.95,0.282,206.176666666667,124104.698597333,352.284967884429,375735.850828,612.972960927315,612.97289605985,1
0.958,0.228,-0.004,0.394,0.252028,0.502023903813354,0.969764,0.984765962043774,0.984757838252634,16.6645713738191,0.239229421953588,5.694,612.95,0.222,206.288666666667,124037.565717333,352.189672928286,375740.17342,612.976486841053,612.976446640489,1
0.944,0.228,-0.004,0.389333333333333,0.244197333333333,0.494163265868006,0.943136,0.97115189337199,0.971143655696726,19.2654645653945,0.242777273766823,5.694,-59.97,0.222,-18.018,1327.463424,36.4343714643192,3628.87182,60.2401180277728,60.2397089634404,1
0.765,0.224,-0.004,0.328333333333333,0.156004333333333,0.394973838796107,0.635417,0.79713047865453,0.797120442593213,40.0930079851298,0.299583045060345,5.694,-59.97,-0.038,-18.1046666666667,1322.74355733333,36.3695416156615,3628.82398,60.2397209488889,60.2397089634404,1
0.765,0.224,0.008,0.332333333333333,0.152064333333333,0.389954270823302,0.635465,0.797160586080371,0.797120442593213,40.0930079851298,-0.599149710166706,-67.853,-59.97,-9.818,-45.8803333333333,990.904336333333,31.4786330124631,8296.823633,91.0869015446238,90.556228438468,1
0.963,0.126,-0.005,0.361333333333333,0.275792333333333,0.525159340898868,0.94327,0.971220881159379,0.971208010675365,15.6345989010195,0.297483201774731,-157.209,-35.779,-9.818,-67.602,6190.554217,78.680075095287,26091.199646,161.527705505898,161.229049870053,1
1.004,0.126,0.008,0.379333333333333,0.296137333333333,0.544185017556835,1.023956,1.01190711036142,1.01187548641125,0,-0.456530414099049,-179.7,-1.189,0.416,-60.1576666666667,10718.4211003333,103.529807786614,32293.676777,179.704415018107,179.703933515658,1
1.004,0.126,0.008,0.379333333333333,0.296137333333333,0.544185017556835,1.023956,1.01190711036142,1.01187548641125,0,-0.456530414099049,-218.579,0.125,0.525,-72.643,15973.027072,126.384441574111,47777.070491,218.579666234076,218.579035742223,1
0.966,0.291,0.651,0.636,0.114075,0.337749907475931,1.441638,1.20068230602437,1.00887908096065,14.9835710861711,-33.9765440362569,-248.212,0.125,29.092,-72.9983333333333,23234.6435123333,152.429142595284,62455.557033,249.911098258961,248.212031475108,1
0.885,0.291,0.651,0.609,0.089532,0.299218983355,1.291707,1.13653288557789,0.931614727234386,27.7484787006534,-36.3379477467744,-248.212,-17.927,33.059,-77.6933333333333,22457.3548103333,149.857781947863,63023.471754,251.044760459166,248.858542696448,1
0.673,0.619,0.519,0.603666666666667,0.00610533333333333,0.0781366324673218,1.105451,1.05140429902108,0.914379571075382,47.7009693559169,-37.6384699087896,-248.212,-30.561,33.395,-81.7926666666667,21794.1383643333,147.628379264738,63658.39769,252.306158644612,250.086328424806,1
0.673,1.126,0.204,0.667666666666667,0.212542333333333,0.461023137524933,1.762421,1.32756205128047,1.31179457233212,47.7009693559169,-16.863124387713,-221.784,-30.561,33.395,-72.9833333333333,17628.8212843333,132.773571482932,51237.343402,226.356672978731,223.879693980941,1
0.683,1.126,-0.036,0.591,0.343909,0.586437549957368,1.735661,1.31744487550713,1.31695292246914,46.9214792333023,3.01719046886484,-157.331,9.051,49.935,-32.7816666666667,12052.2776893333,109.782866100924,27328.468387,165.313243229331,157.591129705958,1
0.683,1.013,-0.036,0.553333333333333,0.287710333333333,0.536386365722819,1.493954,1.2222741100097,1.22174383567096,46.9214792333023,3.01719046886484,-85.004,13.079,79.812,2.629,6872.980339,82.9034398502258,13766.695601,117.331562680295,86.0043037120818,1
0.537,0.661,0.332,0.51,0.027607,0.166153543447018,0.835514,0.914064549143002,0.851639595133998,57.5203515842808,-31.7264099919278,-25.312,21.075,79.812,25.1916666666667,2775.47405233333,52.6827680777437,7454.808313,86.3412318246618,32.9371062633013,1
0.537,0.286,0.561,0.461333333333333,0.0232003333333333,0.152316556333622,0.684886,0.827578395078074,0.608411867076901,57.5203515842808,-46.2521673752038,-11.67,46.435,44.869,26.5446666666667,1095.88365033333,33.1041334327503,4305.625286,65.6172636277984,47.878994611416,1
0.715,0.286,0.57,0.523666666666667,0.0476203333333333,0.218220836157626,0.917921,0.958081938040792,0.770078567420234,44.3568008382507,-38.5619504850016,-6.208,76.22,26.986,32.3326666666667,1720.03392933333,41.4732917590747,6576.27186,81.0942159466383,76.4723980531538,1
1.053,0.411,0.604,0.689333333333333,0.108502333333333,0.329396923685291,1.642546,1.28161850798122,1.13036719697627,0,-29.8385495972908,-2.332,76.22,26.986,33.6246666666667,1575.65809733333,39.6945600471064,6543.17082,80.8898684632383,76.255666176357,1
1.053,0.733,0.604,0.796666666666667,0.0534403333333333,0.231171653394903,2.010914,1.4180669941861,1.28300350739973,0,-29.8385495972908,17.199,62.396,76.425,52.0066666666667,957.883454333333,30.9496923140333,10029.847042,100.149124020133,64.7229975897285,1
1.013,1.073,0.604,0.896666666666667,0.0651403333333333,0.255226043603182,2.542314,1.59446354614961,1.47563477866307,0,-30.80545828562,74.572,62.396,114.602,83.8566666666667,746.020385333333,27.3133737449868,22587.862404,150.292589318303,97.2329368064135,1
0.7,1.073,0.663,0.812,0.051433,0.226788447677566,2.080898,1.44253180207578,1.28114362973087,45.5729959991943,-43.4450305653587,150.653,62.396,114.602,109.217,1969.073181,44.3742400610985,39723.205629,199.306812801269,163.063138768392,1
0.586,0.534,0.663,0.594333333333333,0.00421233333333333,0.0649024909640095,1.068121,1.03349939525865,0.792812714327917,54.1263331176799,-48.5277810616746,195.636,98.254,60.098,117.996,4884.947284,69.8923978984839,51539.062616,227.022163270461,218.923029880367,1
0.586,-0.054,0.382,0.304666666666667,0.106885333333333,0.326933224578557,0.492236,0.701595324955918,0.588482794990644,54.1263331176799,-33.0994103113331,228.564,180.285,60.098,156.315666666667,7526.09499433333,86.7530690773147,88355.952925,297.24729254444,291.108542164259,1
2.11,-0.348,0.382,0.714666666666667,1.59344133333333,1.2623158611589,4.719128,2.17235540370355,2.13850508533415,0,-10.2618280389069,272.632,180.285,59.304,170.740333333333,11445.5343923333,106.983804345954,110347.853065,332.186473332374,326.849948216303,1
2.11,-0.9,0.333,0.514333333333333,2.28968633333333,1.51317095310918,5.372989,2.31797087988611,2.29392676430613,0,-8.96844332160053,304.004,24.462,59.304,129.256666666667,23205.9641213333,152.335039046614,96533.785876,310.698866872733,304.986592262676,1
0.983,-0.9,0.3,0.127666666666667,0.908696333333333,0.953255649515561,1.866289,1.3661218832886,1.33277492473411,10.5798440961225,-16.9715706786271,343.585,-131.818,1.504,71.0903333333333,60133.6964423333,245.221729139841,135428.899365,368.006656685718,368.003583337173,1
0.769,-0.537,0.3,0.177333333333333,0.437694333333333,0.661584713648474,0.96973,0.984748698907493,0.937939230440864,39.7358255396795,-21.3116037308518,343.585,-131.818,-35.209,58.8526666666667,63137.7009543333,251.27216510058,136666.31103,369.684069213159,368.003583337173,1
0.769,-0.361,0.3,0.236,0.322297,0.567712074911218,0.811682,0.900933959843894,0.849518687257673,39.7358255396795,-21.3116037308518,178.637,-183.545,-35.209,-13.3723333333333,33151.5802893333,182.07575425996,66839.618475,258.533592546501,256.124861725683,1
0.972,-0.181,0.153,0.314666666666667,0.351954333333333,0.59325739214386,1.000954,1.00047688628973,0.988708753880535,13.5904939668059,-8.94538183353896,124.652,-183.545,11.788,-15.7016666666667,24313.1090323333,155.926614252774,49365.845073,222.184259282695,221.871332373067,1
1.911,-0.051,-0.095,0.588333333333333,1.31256933333333,1.1456741828868,3.663547,1.91403944577953,1.91168041262131,0,2.84595596192466,-10.327,-183.545,11.788,-60.6946666666667,11441.4216063333,106.964581083335,33934.370898,184.212841295063,183.835290284537,1
2.001,-0.049,-0.252,0.566666666666667,1.55328633333333,1.24630908418953,4.069906,2.01740080301362,2.00159986011191,0,7.17787221906761,-90.741,-144.452,-55.991,-97.0613333333333,1986.29709033333,44.5678930434605,32235.301466,179.541921193909,170.588127913404,1
2.001,0.331,-0.252,0.693333333333333,1.36746633333333,1.16938716143685,4.177066,2.0437871709158,2.02819180552531,0,7.17787221906761,-90.741,-99.134,-55.991,-81.9553333333333,523.220566333333,22.8740150899079,21196.471118,145.590079050738,134.393002187614,1
0.485,1.133,-0.302,0.438666666666667,0.516416333333333,0.718621133375114,1.610118,1.26890425170696,1.23244229073819,60.9875275911025,31.9097131642281,-90.741,-50,-55.991,-65.5773333333333,483.880610333333,21.9972864311336,13868.921162,117.766383836815,103.604676926286,1
0.485,1.143,-0.252,0.458666666666667,0.487026333333333,0.697872720009411,1.605178,1.26695619498071,1.24164165522908,60.9875275911025,27.4558303089925,-122.144,0.712,-44.791,-55.4076666666667,3857.93439233333,62.1122724776137,16925.897361,130.099567105352,122.146075172312,1
0.356,1.143,0.024,0.507666666666667,0.330292333333333,0.574710651835629,1.433761,1.19739759478629,1.19715704901237,69.1452554831313,-3.85680098558984,-122.144,131.243,0.975,3.358,16055.501959,126.710307232679,32144.83241,179.289800072397,179.287148967794,1
0.381,0.234,0.322,0.312333333333333,0.00547233333333333,0.0739752210766101,0.303601,0.551,0.447120789049223,67.6043612805124,-40.2026350762563,6.244,131.243,0.975,46.154,5437.044031,73.7363141945677,17264.66321,131.395065394405,131.391447914238,1
0.381,-0.04,0.339,0.226666666666667,0.0537743333333333,0.231892935065589,0.261682,0.511548629164423,0.383093983246931,67.6043612805124,-41.6615294562356,6.244,131.243,0.975,46.154,5437.044031,73.7363141945677,17264.66321,131.395065394405,131.391447914238,1
0.381,-0.245,0.708,0.281333333333333,0.234502333333333,0.48425440972007,0.70645,0.840505800098964,0.452974612975164,67.6043612805124,-61.7137238342699,6.244,0.022,0.118,2.128,12.708396,3.56488372881922,39.001944,6.24515364102437,6.24403875708663,1
0.381,-0.245,0.708,0.281333333333333,0.234502333333333,0.48425440972007,0.70645,0.840505800098964,0.452974612975164,67.6043612805124,-61.7137238342699,-10.335,0.022,0.11,-3.401,36.062203,6.00518134613768,106.824809,10.335608787101,10.3350234155516,1
0.825,0.014,0.126,0.321666666666667,0.193144333333333,0.439481891928818,0.696697,0.834683772455174,0.825118779328164,34.4115086697694,-8.68352683572947,-58.85,-0.453,0.11,-19.731,1147.801363,33.8792172725404,3463.539809,58.851846266706,58.851743466103,1
0.825,0.023,0.126,0.324666666666667,0.190402333333333,0.436351158281187,0.69703,0.834883225367476,0.825320543788897,34.4115086697694,-8.68352683572947,-58.85,0.022,0.235,-19.531,1159.499163,34.0514193977285,3463.378209,58.8504733116056,58.8500041121494,1
0.981,0.33,0.126,0.479,0.199407,0.446550109170292,1.087137,1.04265862102608,1.03501739115824,11.18676388096,-7.31901937559043,-58.85,-0.933,0.235,-19.8493333333333,1141.13005633333,33.7806165771635,3464.248214,58.8578645042445,58.8573953637094,1
0.981,0.33,0.028,0.446333333333333,0.237202333333333,0.487034221932436,1.072045,1.03539605948642,1.03501739115824,11.18676388096,-1.63490967324094,-43.653,-0.933,0.278,-14.7693333333333,626.066280333333,25.0213165187872,1906.532182,43.6638544107137,43.6629694134515,1
0.9,0.179,0.028,0.369,0.217171,0.466016094142681,0.842825,0.918055009245089,0.917627920237827,25.8419327631671,-1.78196059032663,-16.278,-1.982,0.278,-5.994,80.597392,8.97760502584069,268.978892,16.4005759654958,16.398219659463,1
0.881,0.179,0.002,0.354,0.216129,0.464896762733405,0.808206,0.89900278086333,0.899000556173354,28.2367709171764,-0.130069650595802,-1.722,-19.544,0.628,-6.87933333333333,121.675961333333,11.0306827229022,385.327604,19.6297632181338,19.6197150845776,1
0.855,0.241,0.002,0.366,0.193621,0.44002386298927,0.78911,0.888318636526331,0.8883163850791,31.2402652161817,-0.134024970784406,12.561,-19.544,0.628,-2.11833333333333,263.339516333333,16.2277391010989,540.141041,23.2409345982471,23.2324483643029,1
0.855,0.241,0.002,0.366,0.193621,0.44002386298927,0.78911,0.888318636526331,0.8883163850791,31.2402652161817,-0.134024970784406,12.561,-19.544,8.431,0.482666666666667,305.064758333333,17.4661031238606,610.828418,24.7149432125587,23.2324483643029,1
0.965,0.193,0.07,0.409333333333333,0.235356333333333,0.485135376295456,0.973374,0.98659718223802,0.984110766123407,15.203604093293,-4.14890369773435,2.154,-4.834,9.805,2.375,53.611711,7.3220018437583,124.145297,11.1420508435386,5.29218971693192,1
0.994,0.193,0.07,0.419,0.251751,0.501747944689363,1.030185,1.01498029537524,1.01256357825077,6.27958064109703,-4.02826366648514,-3.522,0.14,9.805,2.141,47.405233,6.88514582271138,108.562109,10.4193142288732,3.52478141166229,1
0.994,0.269,0.057,0.44,0.241423,0.491348145412191,1.063646,1.03133214824323,1.02975579629347,6.27958064109703,-3.28197859620713,-4.956,0.14,9.805,1.663,56.211427,7.4974280256632,120.719561,10.9872453781646,4.95797700680429,1
0.948,0.269,0.057,0.424666666666667,0.216644333333333,0.465450677659119,0.974314,0.987073452180738,0.985426303687901,18.5583536994437,-3.44085692222971,-4.956,-5.811,9.805,-0.320666666666667,77.0796003333333,8.7794988657288,154.467682,12.4285028060503,7.63738548195651,1
0.938,0.269,0.057,0.421333333333333,0.211444333333333,0.459830765970844,0.955454,0.977473273291909,0.975809920015164,20.2816498129502,-3.47745028682664,-5.017,-87.96,0.236,-30.9136666666667,2447.61161233333,49.473342441494,7762.187585,88.103277946964,88.1029618628114,1
0.938,0.223,0.027,0.396,0.229927,0.479507038530197,0.930302,0.964521643095685,0.964143661494489,20.2816498129502,-1.64878358666111,-5.262,-95.96,0.214,-33.6693333333333,2917.59200933333,54.0147388157467,9236.05604,96.1044017722393,96.1041635102247,1
0.945,0.2,0,0.381666666666667,0.248008333333333,0.498004350717274,0.933025,0.965932192237116,0.965932192237116,19.0910525128604,-0,-5.475,-95.96,0.214,-33.7403333333333,2911.55637033333,53.9588395940214,9238.343021,96.1162994553993,96.1160612228778,1
0.954,0.2,0,0.384666666666667,0.253105333333333,0.503095749667331,0.950116,0.974738939408907,0.974738939408907,17.445987705778,-0,-7.703,-0.226,0.179,-2.58333333333333,19.6992463333333,4.43838330175902,59.419326,7.7083932177854,7.70631461854498,1
0.965,0.268,0.035,0.422666666666667,0.234166333333333,0.483907360280181,1.004274,1.0021347214821,1.00152333971805,15.203604093293,-2.07717476516281,-7.703,6.121,-7.468,-3.01666666666667,62.6365203333333,7.91432374453644,152.573874,12.3520797439136,9.83884393615429,1
0.965,0.268,0.035,0.422666666666667,0.234166333333333,0.483907360280181,1.004274,1.0021347214821,1.00152333971805,15.203604093293,-2.07717476516281,-5.841,6.121,-7.468,-2.396,55.066249,7.42066364956666,127.354946,11.2851648636606,8.46072821924922,1
0.96,0.262,0.032,0.418,0.233548,0.483268041566996,0.991268,0.995624427181254,0.995110044165971,16.260204708312,-1.90915243299638,3.985,-1.355,0.161,0.930333333333333,7.57280533333333,2.75187305908782,17.742171,4.21214565275229,4.20906759270982,1
0.96,0.232,0.029,0.407,0.239659,0.489549793177364,0.976265,0.988061232920308,0.987635560315646,16.260204708312,-1.73028381444713,3.985,-1.355,0.26,0.963333333333333,7.49990833333333,2.73859605150766,17.78385,4.21709022905605,4.20906759270982,1
0.96,0.232,0.029,0.407,0.239659,0.489549793177364,0.976265,0.988061232920308,0.987635560315646,16.260204708312,-1.73028381444713,2.642,-1.355,0.26,0.515666666666667,4.04302633333333,2.01072781184658,8.883789,2.98056856992085,2.96920679643571,1
0.939,0.256,0.015,0.403333333333333,0.229724333333333,0.479295663795672,0.947482,0.973386870673732,0.97327128797679,20.1157080544961,-0.915190201715539,2.642,2.001,-1.365,1.09266666666667,4.63281433333333,2.15239734559707,12.84739,3.58432559904928,3.31423671453926,1
0.939,0.256,0.014,0.403,0.230113,0.479700948508547,0.947453,0.973371974118836,0.97327128797679,20.1157080544961,-0.854186884411585,4.321,2.429,-1.365,1.795,8.384116,2.89553380225478,26.434307,5.14143044297985,4.95692263405432,1
0.966,0.256,0.009,0.410333333333333,0.246826333333333,0.496816196730072,0.998773,0.999386311693331,0.999345786002022,14.9835710861711,-0.533796165832781,5.603,2.429,-1.365,2.22233333333333,12.1702893333333,3.48859417722001,39.156875,6.25754544530042,6.10685270822868,1
0.966,0.235,0.009,0.403333333333333,0.250214333333333,0.500214287414237,0.988462,0.994214262621493,0.994173526100952,14.9835710861711,-0.533796165832781,5.603,2.001,0.966,2.85666666666667,5.92456633333333,2.43404320695696,36.330766,6.02750080879298,5.94958906143945,1
0.965,0.222,0.009,0.398666666666667,0.251892333333333,0.501888765896721,0.98059,0.990247443824017,0.990206544110874,15.203604093293,-0.534349290423809,-0.043,-1.05,1.199,0.0353333333333334,1.26910233333333,1.12654442137598,2.54195,1.59434939708961,1.05088010733861,1
0.963,0.222,0.011,0.398666666666667,0.249984333333333,0.499984333087881,0.976774,0.988318774485237,0.988257557522329,15.6345989010195,-0.654440462787838,-0.531,-1.233,1.382,-0.127333333333333,1.83176633333333,1.35342762397305,3.712174,1.92670028805728,1.34247905011587,1
0.956,0.222,0.011,0.396333333333333,0.246050333333333,0.496034609007611,0.963341,0.981499363219355,0.981437720897256,17.0596212568516,-0.659231969498377,-0.928,-1.539,1.382,-0.361666666666667,2.37361033333333,1.54065256736661,5.139629,2.26707498773199,1.79713800249174,1
0.955,0.222,0.011,0.396,0.245491,0.495470483480096,0.96143,0.980525369381129,0.980463665823472,17.2538531173573,-0.659922203738197,-1.447,-1.539,1.107,-0.626333333333333,2.25544933333333,1.5018153459508,5.687779,2.38490649711891,2.11242277965373,1
0.956,0.223,0.013,0.397333333333333,0.245106333333333,0.495082148065686,0.963834,0.981750477463597,0.981664402940231,17.0596212568516,-0.779078690250709,-1.996,-1.02,0.955,-0.687,2.260267,1.50341843809367,5.936441,2.43648127429701,2.24152091223794,1
0.956,0.23,0.013,0.399666666666667,0.243902333333333,0.493864691320744,0.967005,0.983364123811724,0.983278190544263,17.0596212568516,-0.779078690250709,-3.186,-1.02,0.405,-1.267,3.269577,1.8081971684526,11.355021,3.36972120508507,3.3452946058606,1
0.959,0.235,0.009,0.401,0.246292,0.496278147816323,0.974987,0.987414300078746,0.987373283009015,16.4635952022703,-0.537692260280835,-4.346,-1.294,0.253,-1.79566666666667,5.47645233333333,2.34018211542036,20.626161,4.54160335124062,4.5345509149198,1
0.959,0.238,0.009,0.402,0.245797,0.495779184718358,0.976406,0.988132582197349,0.988091594944517,16.4635952022703,-0.537692260280835,-4.773,-1.783,0.253,-2.101,6.391012,2.52804509453451,26.024627,5.10143381805547,5.09515632733678,1
0.959,0.241,0.01,0.403333333333333,0.244914333333333,0.494888202863367,0.977862,0.988869050987035,0.988818486882198,16.4635952022703,-0.597431730911941,-5.231,-1.844,0.253,-2.274,7.657239,2.76717166073954,30.827706,5.55227034644388,5.54650313260526,1
0.957,0.238,0.01,0.401666666666667,0.244292333333333,0.494259378599267,0.972593,0.98620129791032,0.986150597018528,16.8632195997888,-0.598680191292282,-5.628,-1.844,0.226,-2.41533333333333,8.81214533333333,2.96852578451549,35.125796,5.92670194965126,5.92239140888206,1
0.957,0.238,0.012,0.402333333333333,0.243510333333333,0.493467661892178,0.972637,0.986223605476973,0.986150597018528,16.8632195997888,-0.718404726048835,-5.628,-1.844,0.226,-2.41533333333333,8.81214533333333,2.96852578451549,35.125796,5.92670194965126,5.92239140888206,1
0.957,0.217,0.012,0.395333333333333,0.247108333333333,0.497099922886067,0.963082,0.981367413357505,0.981294043597535,16.8632195997888,-0.718404726048835,-4.438,1.239,0.226,-0.991,9.167899,3.02785386041004,21.282041,4.61324625399512,4.60770713045002,1
0.957,0.217,0.014,0.396,0.246343,0.4963295276326,0.963134,0.981393906645033,0.981294043597535,16.8632195997888,-0.838122987165335,-4.438,2.246,-0.205,-0.799,11.433591,3.38135934203983,24.782385,4.97819093647481,4.97396823471964,1
0.957,0.24,0.019,0.405333333333333,0.240462333333333,0.490369588507825,0.97381,0.98681811900674,0.986635190939387,16.8632195997888,-1.1373843373973,-4.438,2.246,-0.693,-0.961666666666667,11.2231003333333,3.3500896007918,25.220609,5.02201244522552,4.97396823471964,1
0.956,0.256,0.019,0.410333333333333,0.237356333333333,0.487192296052938,0.979833,0.989865142330005,0.989682777459525,17.0596212568516,-1.13857375694642,-2.851,1.177,-0.693,-0.789,4.063108,2.0157152576691,9.993779,3.16129388067608,3.0844010763842,1
0.956,0.256,0.019,0.410333333333333,0.237356333333333,0.487192296052938,0.979833,0.989865142330005,0.989682777459525,17.0596212568516,-1.13857375694642,-2.301,0.781,-0.541,-0.687,2.390668,1.54617851491993,6.197243,2.48942623911615,2.42993045167964,1
0.956,0.254,0.02,0.41,0.237276,0.487109843875075,0.978852,0.98936949619442,0.989167326593433,17.0596212568516,-1.19848165011849,-1.142,0.537,0.222,-0.127666666666667,0.796460333333334,0.89244626355503,1.641817,1.28133407041255,1.26195602142072,1
0.954,0.254,0.02,0.409333333333333,0.236185333333333,0.485989025939201,0.975032,0.987437086603496,0.98723452127648,17.445987705778,-1.20099345513354,-0.226,0.537,0.771,0.360666666666667,0.271822333333333,0.521365834451523,0.933886,0.966377772923198,0.582619086539396,1
0.954,0.256,0.026,0.412,0.233548,0.483268041566996,0.976328,0.988093113021238,0.987750980763877,17.445987705778,-1.56113375571752,0.476,0.537,1.565,0.859333333333333,0.374404333333333,0.611885882606662,2.96417,1.72167650852302,0.71759668338141,1
0.959,0.256,0.026,0.413666666666667,0.236266333333333,0.486072354010525,0.985893,0.992921447044025,0.992580979064177,16.4635952022703,-1.55299836861469,0.537,0.537,1.656,0.91,0.417387,0.646054951223191,3.319074,1.8218325938461,0.759432682994352,1
0.959,0.255,0.02,0.411333333333333,0.238760333333333,0.488631081014433,0.985106,0.992525062655851,0.992323535949843,16.4635952022703,-1.19473357797109,0.537,0.445,1.748,0.91,0.528799,0.727185670925933,3.541898,1.88199309244216,0.697419529408232,1
0.958,0.251,0.02,0.409666666666667,0.238842333333333,0.488714981695194,0.981165,0.990537732749238,0.990335801634981,16.6645713738191,-1.19598032822849,0.537,0.445,1.748,0.91,0.528799,0.727185670925933,3.541898,1.88199309244216,0.697419529408232,1
0.953,0.247,0.022,0.407333333333333,0.235970333333333,0.485767777166553,0.969702,0.984734481979787,0.984488699782786,17.6360936204484,-1.32243788629093,0.537,1.879,0.964,1.12666666666667,0.470086333333333,0.685628422203553,4.748306,2.17906080686152,1.95422874812546,1
0.953,0.247,0.022,0.407333333333333,0.235970333333333,0.485767777166553,0.969702,0.984734481979787,0.984488699782786,17.6360936204484,-1.32243788629093,0.476,1.879,0.253,0.869333333333333,0.777002333333333,0.881477358378157,3.821226,1.95479564149299,1.93835419879856,1
0.951,0.245,0.02,0.405333333333333,0.235970333333333,0.485767777166553,0.964826,0.982255567558667,0.982051933453624,18.010475910494,-1.20478096311101,0.476,1.025,0.1,0.533666666666667,0.216400333333333,0.465188492262366,1.287201,1.13454880899854,1.13013317799275,1
0.951,0.245,0.02,0.405333333333333,0.235970333333333,0.485767777166553,0.964826,0.982255567558667,0.982051933453624,18.010475910494,-1.20478096311101,0.476,0.842,-0.114,0.401333333333333,0.232665333333333,0.482353950261977,0.948536,0.973928128765157,0.967233167338672,1
0.956,0.245,0.021,0.407333333333333,0.238320333333333,0.488180635967193,0.974402,0.987118027390849,0.986894624567385,17.0596212568516,-1.25838692252361,0.72,0.415,-0.114,0.340333333333333,0.178070333333333,0.421983806956302,0.703621,0.838821196680198,0.831038506929733,1
0.956,0.236,0.024,0.405333333333333,0.238661333333333,0.488529767090331,0.970208,0.984991370520575,0.984698938762503,17.0596212568516,-1.43808570740366,0.933,0.323,0.009,0.421666666666667,0.220745333333333,0.469835432181667,0.974899,0.987369738243987,0.987328719323002,1
0.956,0.236,0.024,0.405333333333333,0.238661333333333,0.488529767090331,0.970208,0.984991370520575,0.984698938762503,17.0596212568516,-1.43808570740366,0.933,0.323,0.192,0.482666666666667,0.156390333333333,0.395462176868197,1.011682,1.00582404027742,0.987328719323002,1
0.956,0.236,0.024,0.405333333333333,0.238661333333333,0.488529767090331,0.970208,0.984991370520575,0.984698938762503,17.0596212568516,-1.43808570740366,0.537,0.628,0.192,0.452333333333333,0.0529003333333333,0.23000072463654,0.719617,0.848302422488584,0.826288690470831,1
0.956,0.243,0.028,0.409,0.235963,0.485760228919577,0.973769,0.986797344949813,0.98640002027575,17.0596212568516,-1.67763946615347,0.232,0.72,-0.266,0.228666666666667,0.243057333333333,0.493008451584081,0.64298,0.801860336966482,0.756454889600166,1
0.955,0.25,0.028,0.411,0.234273,0.484017561664864,0.975309,0.987577338743655,0.98718032800497,17.2538531173573,-1.67939515123831,0.232,0.811,-0.388,0.218333333333333,0.359540333333333,0.599616822090019,0.862089,0.928487479721725,0.843531267944467,1
0.955,0.25,0.028,0.411,0.234273,0.484017561664864,0.975309,0.987577338743655,0.98718032800497,17.2538531173573,-1.67939515123831,0.232,0.811,-0.388,0.218333333333333,0.359540333333333,0.599616822090019,0.862089,0.928487479721725,0.843531267944467,1
0.942,0.313,0.061,0.438666666666667,0.205884333333333,0.453744788767137,0.989054,0.994511940602022,0.992639410863784,19.6098106888681,-3.70506319450521,2.826,0.781,0,1.20233333333333,2.12971033333333,1.45935271039366,8.596237,2.93193400335001,2.93193400335001,1
0.948,0.313,0.061,0.440666666666667,0.208916333333333,0.457073662918061,1.000394,1.00019698059932,0.998335114077432,18.5583536994437,-3.68167812827357,7.159,0.781,0.241,2.727,14.804868,3.8477094484901,51.919323,7.20550643605292,7.20147498780632,1
0.948,0.282,0.042,0.424,0.220332,0.469395355750353,0.979992,0.989945453042742,0.989054093566171,18.5583536994437,-2.53676173815998,7.159,200.948,0.256,69.4543333333333,12979.8511323333,113.929149616476,40431.415521,201.07564626528,201.07548330167,1
0.954,0.233,0.035,0.407333333333333,0.233934333333333,0.483667585572295,0.96563,0.982664744457641,0.982041241496507,17.445987705778,-2.10110407336871,1.361,200.948,0.256,67.5216666666667,13352.2450763333,115.551915069952,40382.016561,200.95277196645,200.952608903194,1
0.959,0.233,0.035,0.409,0.236676,0.486493576524912,0.975195,0.987519620058255,0.986899184314183,16.4635952022703,-2.09015915371068,-2.149,0.903,0.256,-0.33,2.586223,1.60817380901444,5.499146,2.34502579943164,2.33101051048681,1
0.959,0.252,0.052,0.421,0.227083,0.476532265434357,0.985889,0.99291943278395,0.991556856665315,16.4635952022703,-3.10371817845012,-5.231,0.903,0.253,-1.35833333333333,11.3537853333333,3.36953785159528,28.242779,5.31439356841399,5.30836792244095,1
0.961,0.252,0.063,0.425333333333333,0.224134333333333,0.473428276862856,0.990994,0.99548681558321,0.993491318532779,16.0543080742742,-3.75075586074377,-5.231,3.161,0.253,-0.605666666666667,18.1593973333333,4.26138443857549,37.419291,6.11713094514087,6.11189675959927,1
0.961,0.251,0.063,0.425,0.224308,0.473611655261988,0.990491,0.995234143304981,0.993238138615307,16.0543080742742,-3.75075586074377,-5.231,3.161,0.257,-0.604333333333333,18.1628373333333,4.26178804415862,37.421331,6.11729768770492,6.11189675959927,1
0.95,0.251,0.063,0.421333333333333,0.218452333333333,0.467388845965897,0.96947,0.984616676681845,0.982599104416445,18.1948723387668,-3.79405954148576,-2.759,3.161,0.257,0.219666666666667,8.76264533333333,2.96017657131012,17.670051,4.20357597766473,4.19571233522986,1
0.95,0.267,0.065,0.427333333333333,0.215086333333333,0.463774011058547,0.978014,0.988945903475008,0.986807478690753,18.1948723387668,-3.91413721861243,-2.759,3.588,-1.945,-0.372,11.926849,3.45352703768191,24.26885,4.92634245663048,4.52612693149452,1
0.96,0.267,0.069,0.432,0.218889,0.467855746999008,0.99765,0.99882430887519,0.996438156635925,16.260204708312,-4.11106460397912,4.626,3.588,-2.036,2.05933333333333,12.8481773333333,3.58443542741857,38.418916,6.19829944420242,5.85436760034762,1
0.96,0.256,0.07,0.428666666666667,0.220385333333333,0.469452162987171,0.992036,0.996010040110038,0.993547180560642,16.260204708312,-4.17043652484211,4.626,3.009,-2.036,1.86633333333333,12.0748263333333,3.47488508203269,34.599253,5.88211297069344,5.51851039683718,1
0.959,0.24,0.072,0.423666666666667,0.221992333333333,0.471160623708448,0.982465,0.991193724758183,0.988575237399764,16.4635952022703,-4.29360913912057,3.985,2.948,-2.036,1.63233333333333,10.3613443333333,3.21890421313424,28.716225,5.3587521868435,4.95690720106802,1
0.959,0.237,0.072,0.422666666666667,0.222546333333333,0.471748167281372,0.981034,0.990471604842865,0.987851203370224,16.4635952022703,-4.29360913912057,3.65,2.948,-2.036,1.52066666666667,9.61060933333333,3.10009827801206,26.1585,5.11453810231188,4.69182309981951,1
0.959,0.237,0.068,0.421333333333333,0.223954333333333,0.473238135966802,0.980474,0.990188870872623,0.987851203370224,16.4635952022703,-4.05589465009378,2.368,2.948,-1.273,1.34766666666667,5.23502033333333,2.28801668117462,15.918657,3.9898191688346,3.78128655354233,1
0.956,0.251,0.061,0.422666666666667,0.222358333333333,0.471548866325997,0.980658,0.99028177808137,0.988401234317319,17.0596212568516,-3.65095278630204,2.368,68.743,0.242,23.7843333333333,1517.09125033333,38.9498555880934,4731.266037,68.7841990358251,68.7837733262722,1
0.95,0.28,0.058,0.429333333333333,0.215641333333333,0.464371977334263,0.984264,0.992100801330188,0.99040395798886,18.1948723387668,-3.49372156363504,2.368,68.743,0.254,23.7883333333333,1516.80879033333,38.9462294751794,4731.271989,68.7842423015621,68.7837733262722,1
0.95,0.639,0.058,0.549,0.204991,0.452759317960437,1.314185,1.14637908215389,1.14491091356489,18.1948723387668,-3.49372156363504,3.924,68.743,16.335,29.6673333333333,1183.68902433333,34.4047819980498,5007.83005,70.7660232738848,68.8549041463279,1
0.979,0.639,0.064,0.560666666666667,0.213908333333333,0.462502252246768,1.370858,1.17083645313938,1.1690859677543,11.7627870854941,-3.74026513813778,42.498,62.548,47.433,50.8263333333333,109.136658333333,10.4468492060206,7968.221797,89.2648967791931,75.6196555665258,1
0.979,0.436,0.095,0.503333333333333,0.198764333333333,0.445829937681773,1.157562,1.07590055302523,1.0716981851249,11.7627870854941,-5.54250281489587,42.498,60.351,47.433,50.094,84.993093,9.21916986501496,7698.212694,87.7394591617705,73.8127577387541,1
0.867,0.176,0.095,0.379333333333333,0.180004333333333,0.424269175563502,0.79169,0.889769633107357,0.884683559245903,29.8881302675233,-6.25313821019321,-16.706,-42.838,0.254,-19.7633333333333,471.240581333333,21.7080764079486,2114.249196,45.9809655835977,45.9802640270801,1
0.778,0.176,0.049,0.334333333333333,0.151662333333333,0.389438484658788,0.638661,0.799162686816646,0.797659075043969,38.9221797182613,-3.60384294910825,-126.844,-42.838,-4.325,-58.0023333333333,3925.19409433333,62.6513694529763,17943.200205,133.952231056448,133.882390851075,1
0.778,0.176,0.022,0.325333333333333,0.159609333333333,0.399511368215391,0.636744,0.797962405129465,0.797659075043969,38.9221797182613,-1.61975749725528,-134.87,-42.838,-4.325,-60.6776666666667,4499.18953633333,67.0759982134693,20043.716769,141.575833986595,141.509756356231,1
0.778,0.245,0.022,0.348333333333333,0.150892333333333,0.38844862380157,0.665793,0.815961396145676,0.815664759567311,38.9221797182613,-1.61975749725528,-143.14,-30.744,-0.632,-58.172,5641.353904,75.1089468971574,21434.65256,146.405780486974,146.404416381474,1
0.759,0.245,0.128,0.377333333333333,0.112674333333333,0.335669976812543,0.65249,0.807768531201854,0.797562536733014,40.6238807663098,-9.57245919659548,-143.14,-1.237,0.177,-48.0666666666667,6779.70388233334,82.3389572579914,20490.621098,143.145454339284,143.145344908593,1
0.759,0.118,0.185,0.354,0.124141,0.352336486898533,0.62423,0.790082274196808,0.76811782950274,40.6238807663098,-13.6982716627176,-142.499,0.647,0.177,-47.225,6807.906532,82.5100389770845,20306.414939,142.500578732158,142.500468806246,1
0.759,0.118,0.185,0.354,0.124141,0.352336486898533,0.62423,0.790082274196808,0.76811782950274,40.6238807663098,-13.6982716627176,-68.86,2.703,-0.016,-22.0576666666667,1644.69204433333,40.5548029749046,4749.006065,68.9130326208331,68.9130307634195,1
0.872,0.58,0.152,0.534666666666667,0.131141333333333,0.362134413351359,1.119888,1.05824760807667,1.04727455807921,29.3081092355255,-9.8879888155778,-25.19,70.91,-0.016,15.2346666666667,2483.23962533333,49.8321143975783,5662.764456,75.2513418883677,75.2513401874013,1
0.915,0.906,0.152,0.657666666666667,0.191794333333333,0.437943299221867,1.681165,1.29659747030449,1.28765717487226,23.7942729505366,-9.43185653586329,-25.19,89.129,20.822,28.2536666666667,3308.63069233333,57.5206979472027,9012.070425,94.9319252148612,92.6202717605601,1
0.915,1.047,0.228,0.73,0.193359,0.439726051081807,1.985418,1.40904861520105,1.39047977331567,23.7942729505366,-13.9920337702858,11.92,126.208,49.752,62.6266666666667,3389.75451733333,58.2215983749444,18545.807168,136.182991478378,126.769655927592,1
0.917,1.047,0.228,0.730666666666667,0.193730333333333,0.440148081142396,1.989082,1.41034818396026,1.39179668055359,23.5086305220637,-13.9627119637464,29.315,126.208,49.752,68.425,2608.574059,51.0742015013451,19263.089993,138.791534298746,129.567852837808,1
0.917,0.92,0.253,0.696666666666667,0.147632333333333,0.384229532094207,1.751298,1.32336616248112,1.29895688919995,23.5086305220637,-15.4241634775775,86.535,126.208,37.301,83.348,1983.731389,44.5390995530893,24808.13009,157.505968426596,153.025375310763,1
0.917,0.412,0.253,0.527333333333333,0.120200333333333,0.346699197191648,1.074642,1.03664941036013,1.00530244205413,23.5086305220637,-15.4241634775775,144.671,111.224,21.34,92.4116666666666,4068.06180433333,63.7813593797853,33755.872017,183.727711619668,182.484181278817,1
0.917,-0.134,0.526,0.436333333333333,0.282180333333333,0.531206488414188,1.135521,1.06560827699488,0.926738906057148,23.5086305220637,-29.8389960677675,173.877,106.219,21.34,100.478666666667,5841.59766233333,76.4303451669122,41971.08269,204.86845215894,203.753986684924,1
0.867,-0.407,0.544,0.334666666666667,0.438634333333333,0.662294748079232,1.213274,1.10148717650275,0.957777635988646,29.8881302675233,-32.1062559551179,178.424,86.23,35.439,100.031,5254.028257,72.4846760150033,40526.659397,201.312342882894,198.16845530003,1
0.867,-0.502,0.544,0.303,0.512101,0.715612325215266,1.299629,1.14001271922729,1.00184479835951,29.8881302675233,-32.1062559551179,216.662,-1.05,35.439,83.6836666666667,13595.2896323333,116.598840613161,48199.447465,219.543725633415,216.664544270631,1
0.299,-0.531,0.456,0.0746666666666667,0.281286333333333,0.530364340178837,0.579298,0.761116285464974,0.609394781730202,72.6024492870258,-56.7470738863575,252.704,-19.666,-8.567,74.8236666666667,23761.8566903333,154.148813457429,64319.456661,253.612808550751,253.468071306822,1
-0.078,-0.531,0.456,-0.051,0.244089,0.494053640812412,0.495981,0.704259185243615,0.536698239236911,94.4736148916485,-99.7066524093397,345.263,-19.666,-34.782,96.9383333333333,46305.9784203333,215.188239502844,120803.078249,347.567372244577,345.822628994981,1
-0.078,0.394,0.456,0.257333333333333,0.0852973333333333,0.292057072048142,0.369256,0.607664381052568,0.401646610840923,94.4736148916485,-99.7066524093397,345.263,-19.666,-34.782,96.9383333333333,46305.9784203333,215.188239502844,120803.078249,347.567372244577,345.822628994981,1
1.167,0.394,0.216,0.592333333333333,0.255602333333333,0.505571294016317,1.563781,1.25051229502152,1.23171628226633,0,-10.4862026148952,84.948,-85.065,-45.035,-15.0506666666667,7900.40022633334,88.8841955936675,16480.368154,128.375886185841,120.217373657055,1
1.749,0.394,0.216,0.786333333333333,0.702966333333333,0.838430875703736,3.260893,1.80579428507236,1.79282932818492,0,-7.04033092564759,18.969,-127.759,-49.186,-52.6586666666667,5391.32105633333,73.425615804931,19101.447638,138.20798688209,129.15953329894,1
2.115,-0.008,0.216,0.774333333333333,1.36058433333333,1.16644088291406,4.519945,2.12601622759564,2.11501512996952,0,-5.83126646267756,-0.043,-127.759,-49.186,-58.996,4150.021239,64.4206584800249,18741.626526,136.900060357912,127.759007236281,1
1.749,-0.008,-0.216,0.508333333333333,1.16525633333333,1.07947039483875,3.105721,1.76230559211506,1.74901829607354,0,7.04033092564759,-37.519,-127.759,-25.413,-63.5636666666667,3127.41942533333,55.9233352486539,18375.858011,135.557581901567,133.154186723512,1
1.749,0.687,-0.216,0.74,0.967413,0.983571553065663,3.577626,1.8914613398111,1.87908754452793,0,7.04033092564759,-58.057,-112.745,-25.413,-65.405,1947.214384,44.1272521691528,16727.870843,129.336270407802,126.8150238497,1
0.601,0.687,0,0.429333333333333,0.140094333333333,0.37429177566884,0.83317,0.912781463440182,0.912781463440182,53.058449007818,-0,-108.319,0.44,-24.406,-44.095,3247.872561,56.9901093260927,12328.852197,111.035364623169,108.319893653013,1
0.541,0.474,0.033,0.349333333333333,0.0761723333333334,0.275993357407988,0.518446,0.720031943735832,0.719275329759057,57.2482608450649,-3.49061167066947,-108.319,0.44,-0.197,-36.0253333333333,3919.88212233333,62.6089619969325,11733.23817,108.32007279355,108.319893653013,1
0.541,0.474,0.033,0.349333333333333,0.0761723333333334,0.275993357407988,0.518446,0.720031943735832,0.719275329759057,57.2482608450649,-3.49061167066947,-108.319,1.47,0.121,-35.576,3969.112987,63.0008967158405,11735.181302,108.329041821665,108.328974245121,1
0.541,0.396,0.033,0.323333333333333,0.0684763333333333,0.261679829817534,0.450586,0.671257029758348,0.670445374359463,57.2482608450649,-3.49061167066947,-55.158,1.47,0.188,-17.8333333333333,1045.25893733333,32.330464539399,3044.601208,55.1779050707799,55.177584796727,1
0.641,0.396,0.1,0.379,0.073387,0.270900350682682,0.577697,0.760063813110452,0.753456700812993,50.1335725409355,-8.86702508940478,-55.158,1.47,0.188,-17.8333333333333,1045.25893733333,32.330464539399,3044.601208,55.1779050707799,55.177584796727,1
0.641,0.007,0.151,0.266333333333333,0.110465333333333,0.332363255088966,0.433731,0.658582568855265,0.641038220389393,50.1335725409355,-13.2554653403364,-20.612,1.516,0.188,-6.30266666666667,154.008661333333,12.4100226161491,427.188144,20.6685302815657,20.6676752442068,1
0.641,0.007,0.151,0.266333333333333,0.110465333333333,0.332363255088966,0.433731,0.658582568855265,0.641038220389393,50.1335725409355,-13.2554653403364,-20.612,1.813,0.225,-6.19133333333333,156.597156333333,12.5138785487687,428.192138,20.6928040149227,20.691580727436,1
0.988,0.32,0.151,0.486333333333333,0.195892333333333,0.442597258614797,1.101345,1.04944985587688,1.0385297299548,8.88512427022808,-8.68950283072251,-30.255,16.375,0.225,-4.55166666666667,560.701633333333,23.6791392016968,1183.556275,34.4028527160176,34.4021169406768,1
0.988,0.32,0.105,0.471,0.212023,0.460459553055423,1.089569,1.04382421891811,1.0385297299548,8.88512427022808,-6.06635604953893,-30.255,1.813,0.235,-9.40233333333333,326.747801333333,18.0761666658983,918.707219,30.3101834207581,30.3092724096109,1
0.988,0.32,0.07,0.459333333333333,0.225241333333333,0.474595968517784,1.083444,1.04088616092251,1.0385297299548,8.88512427022808,-4.0526455394693,-7.795,4.84,0.235,-0.906666666666667,40.8883583333333,6.39440054526875,84.24285,9.17839038176085,9.17538146345971,1
0.843,0.311,0.07,0.408,0.156439,0.395523703461626,0.81227,0.901260228790775,0.898537700934134,32.5417185961215,-4.7467668297828,-7.795,3.983,-6.888,-3.56666666666667,42.9537623333333,6.55391198699932,124.070858,11.1387098893902,8.75364575476984,1
0.843,0.305,0.11,0.419333333333333,0.144126333333333,0.379639741509412,0.815774,0.903202081485644,0.896478666784659,32.5417185961215,-7.43431358400602,-10.48,3.983,-6.888,-4.46166666666667,56.7099123333333,7.53059840473075,173.139233,13.1582382179378,11.2113642791589,1
0.843,0.311,0.11,0.421333333333333,0.143452333333333,0.378751017600393,0.81947,0.905245822967441,0.898537700934134,32.5417185961215,-7.43431358400602,-12.921,3.983,0.317,-2.87366666666667,79.0715693333333,8.8922195954291,182.917019,13.5246818446868,13.5209663116214,1
0.912,0.305,0.082,0.433,0.184513,0.429549764288144,0.931493,0.965138850114324,0.961649104403472,24.2167834132925,-5.13777895633812,-12.921,0.262,0.356,-4.101,58.346509,7.63848865941424,167.147621,12.9285583496382,12.9236560229681,1
0.912,0.305,0.075,0.430666666666667,0.186986333333333,0.432419163929321,0.930394,0.964569333951686,0.961649104403472,24.2167834132925,-4.70124500478824,5.725,-0.44,0.356,1.88033333333333,11.2445003333333,3.35328202412701,33.095961,5.7529089163657,5.74188340181164,1
0.912,0.286,0.061,0.419666666666667,0.194450333333333,0.440965229165898,0.917261,0.957737437923359,0.955792864589394,24.2167834132925,-3.82658391920471,5.725,-0.44,0.924,2.06966666666667,10.4862203333333,3.23824340242258,33.823001,5.81575455121689,5.74188340181164,1
0.933,0.27,0.061,0.421333333333333,0.207272333333333,0.455271713741732,0.94711,0.973195766534154,0.971282142325288,21.0926035349567,-3.74070236221618,-1.233,-0.44,0.924,-0.249666666666667,1.19033233333333,1.09102352556365,2.567665,1.60239352220358,1.30915583487987,1
0.944,0.269,0.071,0.428,0.209493,0.457704052855117,0.968538,0.984143282251116,0.981578830252568,19.2654645653945,-4.30122417466536,-4.224,-0.44,0.924,-1.24666666666667,7.11350933333333,2.6671162954272,18.889552,4.34621122358313,4.24685483622881,1
0.944,0.269,0.073,0.428666666666667,0.208780333333333,0.456924866179696,0.968826,0.984289591532899,0.981578830252568,19.2654645653945,-4.42191142076309,-4.224,-0.593,0.924,-1.29766666666667,6.99789233333333,2.64535296951717,19.047601,4.36435573710485,4.26542201898007,1
0.944,0.269,0.073,0.428666666666667,0.208780333333333,0.456924866179696,0.968826,0.984289591532899,0.981578830252568,19.2654645653945,-4.42191142076309,-3.156,-0.593,0.802,-0.982333333333333,4.03012633333333,2.00751745529979,10.955189,3.30986238384619,3.21122795827391,1
0.956,0.26,0.072,0.429333333333333,0.216869333333333,0.465692316163079,0.98672,0.993337807596187,0.990724987067552,17.0596212568516,-4.30703218600232,0,0.323,0.261,0.194666666666667,0.0293823333333333,0.17141275720708,0.17245,0.415270995856922,0.323,1
0.956,0.26,0.073,0.429666666666667,0.216512333333333,0.465308858000074,0.986865,0.993410791163454,0.990724987067552,17.0596212568516,-4.36662228846701,-0.592,0.323,0.261,-0.00266666666666665,0.261446333333333,0.511318230980799,0.522914,0.723127927824669,0.674383422097548,1
0.954,0.257,0.075,0.428666666666667,0.215262333333333,0.463963719845995,0.98179,0.99085316772971,0.988010627473207,17.445987705778,-4.4951396127192,-0.592,0.17,0.261,-0.0536666666666666,0.219422333333333,0.468425376483099,0.447485,0.668943196392638,0.615925320148474,1
0.948,0.255,0.079,0.427333333333333,0.211064333333333,0.459417384665985,0.96997,0.984870549869373,0.981697000097281,18.5583536994437,-4.76364169072618,-0.592,0.17,0.261,-0.0536666666666666,0.219422333333333,0.468425376483099,0.447485,0.668943196392638,0.615925320148474,1
0.948,0.248,0.087,0.427666666666667,0.209540333333333,0.457755757291302,0.967777,0.983756575581582,0.979902035919918,18.5583536994437,-5.24346950589869,0.384,39.416,0.257,13.3523333333333,509.490072333333,22.5718867694602,1553.834561,39.4187082614334,39.4178704650568,1
0.948,0.04,0.115,0.367666666666667,0.253996333333333,0.503980489040333,0.913529,0.955787110187201,0.94884350659105,18.5583536994437,-6.9166419167196,20.831,39.416,2.267,20.838,345.012087,18.5745009892594,1992.690906,44.6395665973585,44.5819651540845,1
0.948,0.04,0.115,0.367666666666667,0.253996333333333,0.503980489040333,0.913529,0.955787110187201,0.94884350659105,18.5583536994437,-6.9166419167196,20.831,39.416,0.18,20.1423333333333,385.221620333333,19.6270634668901,1987.584017,44.5823285282409,44.5819651540845,1
0.95,0.04,0.094,0.361333333333333,0.260625333333333,0.51051477288452,0.912936,0.955476844303409,0.950841732361385,18.1948723387668,-5.65087273019938,13.69,27.636,0.141,13.8223333333333,189.006890333333,13.7479776815841,951.184477,30.8412787834746,30.8409564702523,1
0.95,0.261,0.094,0.435,0.205891,0.453752134981203,0.979457,0.989675199244682,0.985200994721382,18.1948723387668,-5.65087273019938,9.692,27.636,0.141,12.4896666666667,194.863960333333,13.959368192484,857.703241,29.2865710010578,29.2862315773129,1
0.95,0.293,0.094,0.445666666666667,0.200664333333333,0.447955726979055,0.997185,0.998591508075249,0.994157432200756,18.1948723387668,-5.65087273019938,9.692,10.272,0.141,6.70166666666667,32.3658603333333,5.68910013388175,199.468729,14.1233398670428,14.122636014569,1
0.823,0.31,-0.007,0.375333333333333,0.175426333333333,0.418839269091776,0.773478,0.87947598034284,0.879448122404045,34.6137572740921,0.48731565670354,-39.899,-5.615,0.141,-15.1243333333333,468.620965333333,21.6476549615272,1623.478307,40.2924100420911,40.2921633323405,1
0.823,0.31,-0.079,0.351333333333333,0.204682333333333,0.452418316752686,0.77967,0.882989241157558,0.879448122404045,34.6137572740921,5.48303858428402,-51.313,-5.615,-0.021,-18.983,791.744884,28.137961617715,2664.552635,51.6193048674621,51.6193005958043,1
0.836,0.442,-0.079,0.399666666666667,0.210650333333333,0.458966592829297,0.900501,0.948947311498378,0.945653213392732,33.2798909446823,5.39828365119578,-171.949,0.095,-0.021,-57.2916666666667,9859.73142933333,99.29618033607,29566.468067,171.949027525601,171.949026243245,1
0.836,0.442,0.274,0.517333333333333,0.0832173333333333,0.288474146733002,0.969336,0.984548627544623,0.945653213392732,33.2798909446823,-18.1466187934472,-171.949,28.063,61.715,-27.3903333333333,15956.0203573333,126.317141977379,34162.731795,184.831630937456,174.223966692301,1
0.714,0.435,0.381,0.51,0.031941,0.178720452103278,0.844182,0.918793774467372,0.836074757423043,44.4386946308035,-28.0849805639831,-143.842,28.063,61.715,-18.0213333333333,12156.2443963333,110.255359943784,25286.794158,159.018219578764,146.553925000322,1
0.714,0.435,0.397,0.515333333333333,0.0299623333333333,0.173096312304258,0.85663,0.925543083816199,0.836074757423043,44.4386946308035,-29.0750401151573,-131.452,28.063,43.618,-19.9236666666667,9389.41635833333,96.8990008118419,19969.690197,141.314154269839,134.414137176861,1
0.758,0.489,0.459,0.568666666666667,0.0271103333333333,0.164652158605144,1.024366,1.01210967785117,0.902044899104252,40.7118018625287,-31.1966198463554,-127.881,44.268,30.129,-17.828,9133.724937,95.5705233688714,19220.962626,138.639686331151,135.326294507017,1
0.806,0.509,0.459,0.591333333333333,0.0351863333333333,0.187580205067948,1.119398,1.05801606793092,0.953266489498084,36.2930584934296,-29.660600323411,-106.549,44.268,30.129,-10.7173333333333,6937.75908233333,83.2932115020986,14220.101866,119.248068604904,115.37913687058,1
0.806,0.669,0.438,0.637666666666667,0.0345923333333333,0.185990143107997,1.289041,1.1353594144587,1.04747171799529,36.2930584934296,-28.5207325746009,-65.808,44.268,44.564,7.67466666666666,4049.79862933333,63.6380281697456,8276.298784,90.9741654756997,79.3117184784191,1
0.711,0.782,0.438,0.643666666666667,0.0329843333333333,0.181615895045927,1.308889,1.14406686867508,1.05690349606764,44.6836635728261,-31.6344713096905,-0.501,59.527,62.722,40.5826666666667,1268.45275633333,35.6153443944227,7477.764014,86.4740655572525,59.5291082580614,1
0.711,0.782,0.477,0.656666666666667,0.0254703333333333,0.159594277257467,1.344574,1.15955767428792,1.05690349606764,44.6836635728261,-33.8571101416607,170.672,91.784,62.722,108.392666666667,3120.18648133333,55.8586294258401,41487.283524,203.684274120512,193.786568781224,1
0.962,0.159,0.487,0.536,0.163003,0.403736300077167,1.187894,1.08990550049075,0.975051280702713,15.8458075497508,-26.8502206821903,210.62,120.501,36.233,122.451333333333,7605.55929233333,87.2098577703996,60194.10569,245.34487092662,242.654642240778,1
1.351,-0.493,0.487,0.448333333333333,0.851205333333333,0.922607897935701,2.305419,1.51836062909969,1.43814116136073,0,-19.8229009999068,210.62,120.501,36.233,122.451333333333,7605.55929233333,87.2098577703996,60194.10569,245.34487092662,242.654642240778,1
1.77,-0.493,0.354,0.543666666666667,1.30727233333333,1.14336010658643,3.501265,1.87116674831507,1.83737557401855,0,-11.3099324740202,210.62,117.388,14.962,114.323333333333,9577.55737733333,97.8649956692041,58364.588388,241.587641215357,241.123882981342,1
1.77,-0.493,0.354,0.543666666666667,1.30727233333333,1.14336010658643,3.501265,1.87116674831507,1.83737557401855,0,-11.3099324740202,184.192,77.777,0.196,87.3883333333333,8532.91530033333,92.3737803726433,39975.993009,199.939973514553,199.939877445696,1
1.757,-0.365,0.96,0.784,1.148953,1.07189225204775,4.141874,2.03515945321245,1.79451218998367,0,-28.6515695577122,184.192,-0.196,0.196,61.3973333333333,11308.9360373333,106.343481404989,33926.769696,184.192208564858,184.192104282458,1
1.757,0.207,0.96,0.974666666666667,0.600786333333333,0.775104079032831,4.051498,2.01283332643317,1.76915177415619,0,-28.6515695577122,-7.093,-117.933,-56.113,-60.3796666666667,3085.02973333333,55.5430439689196,17107.171907,130.794387903304,118.146109279993,1
2.008,0.254,0.221,0.827666666666667,1.04516233333333,1.02233181175846,4.145421,2.03603069721456,2.02400098814205,0,-6.28068158249853,-7.093,-160.169,-56.113,-74.4583333333333,6110.47888533333,78.169552162804,28853.087979,169.86196742944,160.325977963648,1
2.008,0.254,0.221,0.827666666666667,1.04516233333333,1.02233181175846,4.145421,2.03603069721456,2.02400098814205,0,-6.28068158249853,-7.093,-160.169,-56.113,-74.4583333333333,6110.47888533333,78.169552162804,28853.087979,169.86196742944,160.325977963648,1
1.021,0.278,0.37,0.556333333333333,0.164052333333333,0.405033743450263,1.256625,1.120992863492,1.05817059116194,0,-19.9200005043699,-11.151,58.428,4.373,17.2166666666667,1334.02914033333,36.5243636540506,3557.299114,59.6430977901048,59.4825687491722,1
0.863,0.369,0.37,0.534,0.081181,0.284922796560753,1.01783,1.00887561175796,0.938578712735378,30.3448899102911,-23.2066027887341,-11.151,148.577,18.075,51.8336666666667,7232.99417733333,85.0470115720319,22526.175355,150.087225822186,148.99486477728,1
0.759,0.369,0.225,0.451,0.076332,0.276282464155798,0.762867,0.873422578137296,0.843944310958964,40.6238807663098,-16.5120717544057,7.22,148.577,25.216,60.3376666666667,5920.59896433333,76.9454284823558,22763.099985,150.874451067767,148.752322096161,1
0.759,0.37,0.225,0.451333333333333,0.0762503333333333,0.276134629000662,0.763606,0.873845524105949,0.844382022546667,40.6238807663098,-16.5120717544057,7.22,95.141,25.216,42.5256666666667,2157.24398033333,46.4461406398135,9739.784937,98.6903487530569,95.4145601100796,1
1.03,0.37,0.082,0.494,0.236208,0.48601234552221,1.204524,1.09750808653057,1.09444049632678,0,-4.55181128974224,-2.515,-32.239,-8.597,-14.4503333333333,246.575177333333,15.7027124196214,1119.586755,33.4602264636688,32.3369501654068,1
1.03,0.37,-0.062,0.446,0.302448,0.549952725240997,1.201644,1.0961952380849,1.09444049632678,0,3.4447157199551,-28.211,-32.239,-8.597,-23.0156666666667,159.979657333333,12.6483065006084,1909.122051,43.6935012444643,42.8393935764735,1
0.758,0.12,-0.073,0.268333333333333,0.189142333333333,0.434904970462897,0.594293,0.770904014777456,0.767439899927024,40.7118018625287,5.50096623718756,-28.211,-15.973,7.516,-12.2226666666667,329.653382333333,18.1563592807956,1107.487506,33.2789348687725,32.4190877416376,1
0.758,0.12,-0.073,0.268333333333333,0.189142333333333,0.434904970462897,0.594293,0.770904014777456,0.767439899927024,40.7118018625287,5.50096623718756,-28.211,3.588,7.638,-5.66166666666667,385.454950333333,19.6330066554599,867.073309,29.4461085544423,28.4382535504556,1
0.934,0.123,-0.013,0.348,0.262171,0.512026366508601,0.887654,0.942153915238906,0.942064222863813,20.9328160636881,0.797427237772092,13.537,9.143,7.638,10.106,9.395077,3.06513898542954,325.183862,18.0328550706759,16.3353854561195,1
0.945,0.154,-0.013,0.362,0.261889,0.511750915973777,0.91691,0.957554176013034,0.957465926286675,19.0910525128604,0.788146193730686,13.537,9.143,0.188,7.62266666666667,46.2825103333333,6.80312504172409,266.880162,16.3364672435628,16.3353854561195,1
0.953,0.163,-0.038,0.359333333333333,0.274430333333333,0.523860986649448,0.936222,0.967585655123101,0.966839180008754,17.6360936204484,2.28340695259815,4.046,-3.938,0.154,0.0873333333333334,15.9393973333333,3.99241747984017,31.901676,5.64815686750997,5.6460570312387,1
0.971,0.163,-0.038,0.365333333333333,0.285224333333333,0.534063978689195,0.970854,0.985319237607792,0.984586207500389,13.8322171834636,2.24112165903467,-7.642,-3.938,0.154,-3.80866666666667,15.2069493333333,3.89960886927565,73.931724,8.59835588935466,8.59697667787927,1
0.971,0.155,-0.034,0.364,0.285267,0.534103922472022,0.968022,0.983881090376271,0.983293445518681,13.8322171834636,2.0054180534316,-9.748,1.757,0.154,-2.61233333333333,38.8307063333333,6.23142891585336,98.134269,9.90627422394514,9.90507713246091,1
0.972,0.155,0.013,0.38,0.267889,0.517579945515666,0.968978,0.984366801553161,0.984280955825114,13.5904939668059,-0.766255891545143,-19.422,6.335,-6.614,-6.567,165.857419,12.8785643221595,461.091305,21.4730366972164,20.4290555092496,1
1.001,0.169,0.022,0.397333333333333,0.278712333333333,0.527932129476255,1.031046,1.01540435295502,1.01516599627844,0,-1.25904520717527,-23.603,6.335,-6.614,-7.96066666666667,225.431094333333,15.0143629346481,640.97883,25.3175597165288,24.4383680715387,1
1.001,0.214,0.022,0.412333333333333,0.269112333333333,0.518760381422226,1.048281,1.02385594689878,1.02361955823441,0,-1.25904520717527,-23.603,3.894,-4.478,-8.06233333333333,198.656836333333,14.0945676178212,592.317329,24.337570318337,23.922057708316,1
0.975,0.256,0.016,0.415666666666667,0.249040333333333,0.49903941060134,1.016417,1.00817508400079,1.00804811393108,12.8385681409841,-0.940154045692005,-22.84,1.483,-1.67,-7.67566666666667,174.953106333333,13.2269840225704,526.653789,22.9489387336321,22.8880949185379,1
0.939,0.256,0.016,0.403666666666667,0.229336333333333,0.478890732143913,0.947513,0.973402794325145,0.97327128797679,20.1157080544961,-0.976191443986542,-16.4,0.842,0.436,-5.04066666666667,96.8170493333333,9.83956550531238,269.85906,16.4273874977125,16.4216005310079,1
0.939,0.256,0.016,0.403666666666667,0.229336333333333,0.478890732143913,0.947513,0.973402794325145,0.97327128797679,20.1157080544961,-0.976191443986542,-13.654,0.842,0.436,-4.12533333333333,68.1378253333333,8.25456390933727,187.330776,13.6868833559726,13.6799371343585,1
0.961,0.254,-0.003,0.404,0.249199,0.499198357369092,0.988046,0.994005030168359,0.994000503017981,16.0543080742742,0.178862414336401,-5.353,0.842,-0.236,-1.58233333333333,10.9539663333333,3.30967767816344,29.419269,5.42395326307298,5.41881656821856,1
0.962,0.254,-0.003,0.404333333333333,0.249756333333333,0.499756273930937,0.989969,0.994971858898532,0.994967336147273,15.8458075497508,0.178676487876827,-1.966,2.001,-0.236,-0.067,3.955693,1.98889240533519,7.924853,2.81511154308315,2.80520177527393,1
0.962,0.239,0.007,0.402666666666667,0.248096333333333,0.498092695522965,0.982614,0.991268883804995,0.99124416770037,15.8458075497508,-0.416905798595984,-1.264,2.001,-0.236,0.167,2.786863,1.66939000835635,5.657393,2.37852748565157,2.36679044277266,1
0.966,0.221,0.019,0.402,0.248773,0.49877149076506,0.982358,0.991139747966955,0.990957617660816,14.9835710861711,-1.12679033380409,-0.775,1.574,-1.273,-0.158,2.311869,1.52048314689772,4.69863,2.16763234890052,1.75445176622214,1
0.966,0.217,0.019,0.400666666666667,0.249502333333333,0.499502085414399,0.980606,0.990255522579905,0.99007322961486,14.9835710861711,-1.12679033380409,-0.775,1.208,-1.273,-0.28,1.722609,1.31248199987657,3.680418,1.91844155501282,1.43523134023752,1
0.966,0.217,0.019,0.400666666666667,0.249502333333333,0.499502085414399,0.980606,0.990255522579905,0.99007322961486,14.9835710861711,-1.12679033380409,-4.987,-0.135,1.199,-1.30766666666667,10.5980093333333,3.25545839066226,26.325995,5.13088637566649,4.98882691621988,1
0.964,0.241,0.017,0.407333333333333,0.244952333333333,0.494926593883713,0.987666,0.993813865872277,0.993668455773856,15.4205707929902,-1.01029802921079,-5.567,-0.501,1.321,-1.58233333333333,12.7380973333333,3.56904711839636,32.987531,5.74347725685407,5.58949818856756,1
0.963,0.241,0.015,0.406333333333333,0.245177333333333,0.495153848145537,0.985675,0.992811663912144,0.99269834290181,15.6345989010195,-0.892385458740548,-5.567,-0.501,1.321,-1.58233333333333,12.7380973333333,3.56904711839636,32.987531,5.74347725685407,5.58949818856756,1
0.955,0.231,0.015,0.400333333333333,0.242405333333333,0.492346761270279,0.965611,0.982655076819939,0.982540584403515,17.2538531173573,-0.899859714904403,3.466,0.964,0.222,1.55066666666667,2.88901733333333,1.69971095581965,12.991736,3.60440508267315,3.59756195221153,1
0.951,0.231,0.012,0.398,0.241347,0.491270801086325,0.957906,0.97872672386116,0.97865315612836,18.010475910494,-0.722936768437515,3.466,0.964,0.222,1.55066666666667,2.88901733333333,1.69971095581965,12.991736,3.60440508267315,3.59756195221153,1
0.951,0.215,0.012,0.392666666666667,0.244104333333333,0.494069158451864,0.95077,0.975074356139059,0.975000512820378,18.010475910494,-0.722936768437515,-2.088,0.323,0.497,-0.422666666666667,2.08757033333333,1.44484266732864,4.711082,2.17050270674791,2.11283529883425,1
0.955,0.215,0.012,0.394,0.246343,0.4963295276326,0.958394,0.978975995619913,0.978902446620704,17.2538531173573,-0.719909080385821,-2.362,0.323,0.497,-0.514,2.568897,1.6027779010206,5.930382,2.43523756541328,2.38398259221832,1
0.955,0.22,0.012,0.395666666666667,0.245456333333333,0.495435498660858,0.960569,0.980086220696934,0.980012755019036,17.2538531173573,-0.719909080385821,-3.705,0.323,0.1,-1.094,5.125423,2.26393970767775,13.841354,3.72039702182442,3.71905283640875,1
0.959,0.222,0.011,0.397333333333333,0.247732333333333,0.497727167566061,0.969086,0.984421657624415,0.984360198301415,16.4635952022703,-0.657169902564751,-3.705,0.415,0.1,-1.06333333333333,5.25860833333333,2.29316557041425,13.90925,3.72951069176641,3.72816979227073,1
0.959,0.231,0.015,0.401666666666667,0.244629333333333,0.494600175225741,0.973267,0.986542953955883,0.986428912796051,16.4635952022703,-0.896107003030999,-2.118,0.689,0.1,-0.443,2.190949,1.48018546135273,4.970645,2.22949433728817,2.22725054719939,1
0.959,0.231,0.011,0.400333333333333,0.246181333333333,0.49616663867428,0.973163,0.98649024323609,0.986428912796051,16.4635952022703,-0.657169902564751,-1.783,0.689,0.1,-0.331333333333333,1.66723233333333,1.29121351190782,3.66381,1.91410814741487,1.91149417995452,1
0.945,0.261,0.07,0.425333333333333,0.211660333333333,0.460065575036139,0.966046,0.982876391007537,0.980380538362528,19.0910525128604,-4.23639479905884,0,-0.165,0.588,0.141,0.156663,0.395806771038597,0.372969,0.610711879694509,0.165,1
0.945,0.263,0.07,0.426,0.211333,0.459709691000744,0.967094,0.983409375590857,0.980914879079729,19.0910525128604,-4.23639479905884,-0.043,-0.165,0.619,0.137,0.177964,0.421857795945506,0.412235,0.64205529356902,0.170510996712822,1
0.948,0.268,0.07,0.428666666666667,0.212081333333333,0.460522891215337,0.975428,0.987637585352036,0.985153795100034,18.5583536994437,-4.22303706394654,-0.043,-0.165,0.771,0.187666666666667,0.258929333333333,0.50885099325179,0.623515,0.789629660030574,0.170510996712822,1
0.949,0.268,0.075,0.430666666666667,0.210814333333333,0.459145220309798,0.97805,0.988964104505315,0.986116118923122,18.377480657165,-4.518725342785,-1.477,0.018,0.771,-0.229333333333333,1.30925633333333,1.14422739581489,2.776294,1.66622147387435,1.47710967771523,1
0.949,0.268,0.075,0.430666666666667,0.210814333333333,0.459145220309798,0.97805,0.988964104505315,0.986116118923122,18.377480657165,-4.518725342785,-1.477,0.018,0.771,-0.229333333333333,1.30925633333333,1.14422739581489,2.776294,1.66622147387435,1.47710967771523,1
0.949,0.265,0.078,0.430666666666667,0.210244333333333,0.458524081519535,0.97691,0.988387575802124,0.985305028912367,18.377480657165,-4.69868051729944,-1.05,0.018,0.771,-0.087,0.837279,0.915029507720926,1.697265,1.30279123423517,1.05015427438067,1
0.951,0.263,0.078,0.430666666666667,0.211616333333333,0.460017753280603,0.979654,0.989774721843309,0.986696508557723,18.010475910494,-4.68884306544726,-0.592,0.14,0.436,-0.00533333333333332,0.280037333333333,0.529185537721255,0.56016,0.748438374216608,0.60832885843103,1
0.949,0.263,0.077,0.429666666666667,0.210929333333333,0.459270435945243,0.975699,0.987774771898939,0.984769008448174,18.377480657165,-4.63870560545922,-0.562,0.14,0.1,-0.107333333333333,0.155441333333333,0.394260489186189,0.345444,0.587744842597534,0.579175275715392,1
0.951,0.262,0.077,0.43,0.212137,0.460583325794584,0.978974,0.989431149701686,0.986430433431573,18.010475910494,-4.62899261779208,-0.348,0.14,0.039,-0.0563333333333333,0.0663523333333333,0.25758946665835,0.142225,0.377127299462662,0.375105318544006,1
0.951,0.262,0.074,0.429,0.213199,0.461734772353134,0.978521,0.989202203798597,0.986430433431573,18.010475910494,-4.44938103323805,0.018,0.659,-0.602,0.025,0.397567,0.630529142863357,0.797009,0.892753605425372,0.659245781177248,1
0.954,0.263,0.071,0.429333333333333,0.215672333333333,0.464405354548517,0.984326,0.992132047663012,0.989588298233159,17.445987705778,-4.25630452859021,1.33,0.659,-1.914,0.025,2.932351,1.71241087359313,5.866577,2.42210177325396,1.4843116249629,1
0.954,0.263,0.071,0.429333333333333,0.215672333333333,0.464405354548517,0.984326,0.992132047663012,0.989588298233159,17.445987705778,-4.25630452859021,1.849,0.323,-1.914,0.086,3.582169,1.89266188211207,7.186526,2.68076966559979,1.87700026638251,1
0.95,0.261,0.071,0.427333333333333,0.213910333333333,0.462504414393348,0.975662,0.987756042755497,0.985200994721382,18.1948723387668,-4.27415953660036,1.88,0.323,-2.646,-0.147666666666667,5.28731433333333,2.29941608529934,10.640045,3.26190818387029,1.90754528124498,1
0.95,0.253,0.071,0.424666666666667,0.215262333333333,0.463963719845995,0.97155,0.9856723593568,0.983111895971155,18.1948723387668,-4.27415953660036,2.826,0.753,-2.646,0.311,7.632219,2.76264710015594,15.554601,3.94393217487319,2.92459997264583,1
0.95,0.178,-0.191,0.312333333333333,0.339004333333333,0.582240786387671,0.970665,0.985223324937042,0.966531944635044,18.1948723387668,11.3679123970678,2.826,0.753,-3.409,0.0566666666666666,10.0824663333333,3.17528996051279,20.174566,4.49161062426386,2.92459997264583,1
1.134,0.178,-0.191,0.373666666666667,0.467620333333334,0.683827707345449,1.354121,1.1636670486011,1.14788501166275,0,9.56061365615674,-13.379,0.753,-12.137,-8.25433333333333,61.2346813333333,7.82525918633583,326.871419,18.0795856976868,13.4001735063394,1
1.134,0.436,-0.191,0.459666666666667,0.439326333333333,0.662816968199618,1.512533,1.22985080395957,1.21492880449844,0,9.56061365615674,-13.379,0.753,-17.936,-10.1873333333333,94.9597323333333,9.74472843815226,501.264746,22.3889424940081,13.4001735063394,1
1.134,0.436,-0.024,0.515333333333333,0.339961333333333,0.583062032148667,1.476628,1.21516583230438,1.21492880449844,0,1.21242808994493,-7.367,12.164,-19.065,-4.756,248.925601,15.7773762394132,565.70981,23.7846549270743,14.2209558398864,1
1.09,0.436,0.041,0.522333333333333,0.280690333333333,0.529802164334323,1.379877,1.17468165900383,1.17396592795532,0,-2.15414679005458,6.244,45.611,-19.065,10.93,1062.215191,32.5916429625755,2482.825082,49.8279548245761,46.0364079506644,1
0.842,0.351,0.091,0.428,0.145447,0.381375143395581,0.840446,0.916758419650455,0.912230782203714,32.6480787911503,-6.16835722018051,8.38,45.642,-4.447,16.525,676.982749,26.0188921555089,2173.192373,46.6175114415173,46.4049196098862,1
0.814,0.083,0.091,0.329333333333333,0.176192333333333,0.419752704974409,0.677766,0.82326544929324,0.818220630392561,35.5113961735016,-6.3788163723315,8.38,45.642,0.224,18.082,586.295284,24.2135351404953,2153.46674,46.405460239071,46.4049196098862,1
0.814,0.083,0.117,0.338,0.170221,0.412578477383394,0.683174,0.826543404788883,0.818220630392561,35.5113961735016,-8.17936784460555,-12.128,44.745,0.224,10.947,894.871579,29.9144042060008,2149.253585,46.3600429788412,46.3595018200153,1
0.814,0.555,0.117,0.495333333333333,0.124122333333333,0.352309996073534,0.98431,0.99212398418746,0.985200994721382,35.5113961735016,-8.17936784460555,-160.504,28.063,0.672,-43.923,10380.913891,101.886769950764,26549.517569,162.940226982167,162.938841241123,1
0.529,0.555,0.129,0.404333333333333,0.0570253333333333,0.238799776660979,0.604507,0.777500482314963,0.766724200739744,58.0620862726963,-13.7044676066527,-160.504,28.063,76.913,-18.5093333333333,15718.4446463333,125.373221408454,32464.675554,180.179564751389,162.938841241123,1
0.529,0.528,0.238,0.431666666666667,0.0281303333333333,0.167720998486574,0.615269,0.784390846453476,0.747412202201703,58.0620862726963,-24.2232416409069,-128.308,38.867,76.913,-4.176,11918.439597,109.171606184942,23889.196122,154.561302149018,134.065605406458,1
0.529,0.528,0.408,0.488333333333333,0.00484033333333333,0.0695725041473522,0.725089,0.851521579292034,0.747412202201703,58.0620862726963,-37.6418000672199,-110.273,44.39,64.858,-0.341666666666664,9168.40829233333,95.7518056870644,18337.166793,135.414795325326,118.872228165371,1
0.549,0.725,0.41,0.561333333333333,0.0249203333333333,0.157861753864998,0.995126,0.997560023256746,0.909409698650724,56.701564192095,-36.7528311255633,-84.76,44.39,33.853,-2.17233333333333,5143.29910633333,71.716797936978,10300.755309,101.492636723065,95.6803516924975,1
0.599,0.786,0.41,0.598333333333333,0.0353443333333333,0.188000886522732,1.144697,1.06990513598169,0.988229224421136,53.2016885568499,-34.3906306036063,-43.317,44.39,13.925,4.99933333333333,1982.88010633333,44.5295419506347,4040.740214,63.5668169251851,62.0228553760628,1
0.764,1.04,0.363,0.722333333333333,0.115884333333333,0.340417880454792,1.797065,1.34054653033753,1.2904634826294,40.1818905488014,-25.4138366746954,6.305,58.459,13.925,26.2296666666667,793.563545333333,28.1702599443692,3651.113331,60.4244431583776,58.798024677705,1
0.764,1.058,0.363,0.728333333333333,0.121710333333333,0.348870080880166,1.834829,1.35455859969217,1.30501340989279,40.1818905488014,-25.4138366746954,95.172,87.298,59.213,80.561,357.302797,18.9024547876724,20184.829757,142.073325283109,129.145849286766,1
0.709,1.058,0.431,0.732666666666667,0.0987023333333334,0.314169274967068,1.807806,1.34454676378325,1.27359530463959,44.8463892790413,-31.2953530419413,183.856,87.878,59.213,110.315666666667,4261.55602633333,65.2805945617328,45031.750989,212.206858958423,203.778241282037,1
0.709,0.405,0.495,0.536333333333333,0.0243853333333333,0.156158039605181,0.911731,0.954846060891493,0.816520667221596,44.8463892790413,-34.9214522443151,215.411,121.508,44.473,127.130666666667,7328.66074633333,85.6075974802081,63143.940714,251.284581130638,247.317797550035,1
1.193,-0.18,0.533,0.515333333333333,0.471516333333333,0.686670469245135,1.739738,1.31899128124488,1.20650279734446,0,-24.073794646031,232.562,151.995,23.11,135.889,11162.087503,105.650780891577,77721.635969,278.786003897254,277.826499580224,1
1.629,-0.329,0.566,0.622,0.960793,0.980200489695858,3.082238,1.7556303711203,1.66189109149788,0,-19.1599071594346,247.821,151.995,18.96,139.592,13209.715137,114.933524861113,84877.209666,291.336934949896,290.719328676302,1
1.629,-0.458,0.566,0.579,1.089019,1.04356073134246,3.183761,1.7843096704328,1.69215986242435,0,-19.1599071594346,247.821,12.866,18.96,93.2156666666667,17936.3910303333,133.926812215976,61940.263597,248.878009468494,248.154754129354,1
0.625,-0.508,0.487,0.201333333333333,0.382126333333333,0.618163678432608,0.885858,0.941200297492516,0.805412316767009,51.3178125465106,-37.925721543094,247.821,12.866,-0.047,86.88,19468.190503,139.528457681578,61580.784206,248.154758580205,248.154754129354,1
0.625,-0.508,0.487,0.201333333333333,0.382126333333333,0.618163678432608,0.885858,0.941200297492516,0.805412316767009,51.3178125465106,-37.925721543094,-17.469,0.075,-9.666,-9.02,77.260971,8.78982201184984,398.603142,19.9650480089581,17.4691609987429,1
0.449,0.134,0.487,0.356666666666667,0.0375463333333333,0.193768762532389,0.456726,0.675815063460411,0.468569098426262,63.3204569276398,-47.3248339874198,-64.832,-85.645,-9.666,-53.381,1541.546161,39.2625287137749,11631.685805,107.850293485924,107.416266221648,1
0.094,0.514,0.526,0.378,0.060528,0.246024389034908,0.549708,0.741422956213253,0.522524640567313,84.6062335287381,-79.8677884341952,-64.832,-85.645,-1.823,-50.7666666666667,1904.90712233333,43.6452416917736,11541.577578,107.431734501496,107.416266221648,1
0.094,0.514,0.526,0.378,0.060528,0.246024389034908,0.549708,0.741422956213253,0.522524640567313,84.6062335287381,-79.8677884341952,-45.484,-89.765,-1.823,-45.6906666666667,1933.48087433333,43.9713642537201,10129.87281,100.647269262509,100.630758125933,1
0.401,0.514,0.526,0.480333333333333,0.00475633333333333,0.0689661752842169,0.701673,0.837659238592878,0.651917939621238,66.3592917971841,-52.6796458756223,-45.484,-89.765,-1.823,-45.6906666666667,1933.48087433333,43.9713642537201,10129.87281,100.647269262509,100.630758125933,1
0.607,0.203,-0.222,0.196,0.171847,0.41454432814839,0.458942,0.677452581366401,0.640045310896033,52.6271018898546,20.0891395684902,-95.044,0.275,-0.006,-31.5916666666667,3019.66869433333,54.9515122115246,9033.437597,95.0443980306046,95.0443978412194,1
0.607,0.203,-0.222,0.196,0.171847,0.41454432814839,0.458942,0.677452581366401,0.640045310896033,52.6271018898546,20.0891395684902,-95.044,1.172,-0.006,-31.2926666666667,3048.52129733333,55.2134159179935,9034.735556,95.0512259573752,95.0512257680036,1
0.933,0.251,0.134,0.439333333333333,0.186202333333333,0.43151168388971,0.951446,0.975420934776366,0.966172862380226,21.0926035349567,-8.1730849263726,-5.963,11.401,0.148,1.862,77.580471,8.80797769070744,165.562074,12.8670926786124,12.8662414869301,1
0.979,0.263,0.134,0.458666666666667,0.207220333333333,0.455214601406121,1.045566,1.02252921718648,1.01371100418216,11.7627870854941,-7.79389225004954,-3.125,11.401,1.016,3.09733333333333,56.0001303333333,7.48332348180495,140.780682,11.8651035393712,11.8215238442428,1
0.979,0.263,0.123,0.455,0.210832,0.459164458554884,1.042739,1.02114592492944,1.01371100418216,11.7627870854941,-7.16102877628587,-3.125,5.816,3.152,1.94766666666667,21.0731843333333,4.59055381553613,53.526585,7.31618650664402,6.6023844934993,1
0.969,0.263,0.123,0.451666666666667,0.205625333333333,0.453459296225508,1.023259,1.0115626525332,1.0040567713033,14.3036487216306,-7.23415103503758,-41.394,5.816,3.152,-10.8086666666667,703.371185333333,26.5211460033938,1757.224196,41.9192580564113,41.8005872207556,1
0.94,0.261,0.123,0.441333333333333,0.191262333333333,0.437335492880847,0.96685,0.983285309561777,0.975561889374529,19.9484435888027,-7.45485887784506,-41.394,0.109,3.152,-12.711,619.350829,24.8867601145669,1723.410221,41.513976212837,41.3941435108881,1
0.94,0.26,0.084,0.428,0.204352,0.452053094226773,0.958256,0.978905511272666,0.975294827218929,19.9484435888027,-5.10648457232838,-5.14,-0.043,1.961,-1.074,13.403271,3.66104780083517,30.26697,5.50154251096908,5.14017986066636,1
0.948,0.26,0.073,0.427,0.212323,0.460785199415085,0.971633,0.985714461697707,0.983007629675375,18.5583536994437,-4.40332710052984,-0.043,0.109,1.504,0.523333333333333,0.727056333333333,0.852675983790639,2.275746,1.50855758922223,0.117175082675456,1
0.954,0.26,0.073,0.429,0.215461,0.464177767670965,0.983045,0.991486258099425,0.988795226525695,17.445987705778,-4.3757411159394,-0.043,-0.043,1.504,0.472666666666667,0.797736333333333,0.893160866436351,2.265714,1.50522888624953,0.0608111831820431,1
0.954,0.258,0.069,0.427,0.217227,0.466076174031671,0.981441,0.990677041219791,0.988271217834457,17.445987705778,-4.13683087092796,-0.043,-0.043,0.955,0.289666666666667,0.332001333333333,0.576195568651247,0.915723,0.956934167014639,0.0608111831820431,1
0.954,0.258,0.057,0.423,0.221571,0.470713288531352,0.979929,0.989913632596299,0.988271217834457,17.445987705778,-3.41926781853551,1.666,-0.806,0.955,0.605,1.619571,1.27262366786101,4.337217,2.08259861711276,1.850727424555,1
0.951,0.257,0.057,0.421666666666667,0.220145333333333,0.469196476258436,0.973699,0.98676187603697,0.985114206577085,18.010475910494,-3.43002844006179,1.666,-0.837,0.955,0.594666666666667,1.66363233333333,1.28981872111291,4.38815,2.09479115904187,1.86443691231428,1
0.95,0.239,0.057,0.415333333333333,0.222682333333333,0.471892289970215,0.96287,0.981259394859484,0.979602470392965,18.1948723387668,-3.43363036245052,1.666,-0.837,1.016,0.615,1.686853,1.29878905138594,4.508381,2.12329484528174,1.86443691231428,1
0.95,0.239,0.059,0.416,0.221967,0.471133738974402,0.963102,0.981377603168118,0.979602470392965,18.1948723387668,-3.55380507036658,0.323,-0.837,1.718,0.401333333333333,1.63660833333333,1.2792999387686,3.756422,1.9381491170702,0.897161078067924,1
0.95,0.241,0.059,0.416666666666667,0.221614333333333,0.470759315715933,0.964062,0.981866589715731,0.980092342588187,18.1948723387668,-3.55380507036658,-3.156,-0.867,1.718,-0.768333333333333,5.94627033333333,2.43849755655677,13.663549,3.69642381228127,3.27292300551052,1
0.951,0.251,0.059,0.420333333333333,0.220421333333333,0.469490503986325,0.970883,0.985333953540626,0.983565961184099,18.010475910494,-3.55007771846604,-3.156,-0.867,1.138,-0.961666666666667,4.61633033333333,2.14856471471849,12.007069,3.46512178718151,3.27292300551052,1
0.958,0.254,0.064,0.425333333333333,0.221825333333333,0.470983368425397,0.986376,0.993164638919449,0.991100398546989,16.6645713738191,-3.82201383652763,0.384,0.354,1.016,0.584666666666667,0.139761333333333,0.373846670887054,1.305028,1.14237822108092,0.522275789214855,1
0.958,0.254,0.064,0.425333333333333,0.221825333333333,0.470983368425397,0.986376,0.993164638919449,0.991100398546989,16.6645713738191,-3.82201383652763,0.384,0.354,1.016,0.584666666666667,0.139761333333333,0.373846670887054,1.305028,1.14237822108092,0.522275789214855,1
